date,time,motion_status,light_status,label,type
25-Apr-25,23:53:21,0,off,0,normal
25-Apr-25,23:53:21,0,off,0,normal
25-Apr-25,23:52:46,0,off,0,normal
25-Apr-25,23:52:46,0,off,0,normal
25-Apr-25,23:51:50,1,off,0,normal
25-Apr-25,23:51:50,1,off,0,normal
25-Apr-25,23:51:12,0,off,0,normal
25-Apr-25,23:51:12,0,off,0,normal
25-Apr-25,23:50:36,0,off,0,normal
25-Apr-25,23:50:36,0,off,0,normal
25-Apr-25,23:49:38,0,off,0,normal
25-Apr-25,23:49:38,0,off,0,normal
25-Apr-25,23:49:06,0,off,0,normal
25-Apr-25,23:49:06,0,off,0,normal
25-Apr-25,23:48:06,1,off,0,normal
25-Apr-25,23:48:06,1,off,0,normal
25-Apr-25,23:47:08,1,off,0,normal
25-Apr-25,23:47:08,1,off,0,normal
25-Apr-25,23:46:28,0,off,0,normal
25-Apr-25,23:46:28,0,off,0,normal
25-Apr-25,23:45:39,1,off,0,normal
25-Apr-25,23:45:39,1,off,0,normal
25-Apr-25,23:44:49,1,off,0,normal
25-Apr-25,23:44:49,1,off,0,normal
25-Apr-25,23:44:12,1,off,0,normal
25-Apr-25,23:44:12,1,off,0,normal
25-Apr-25,23:43:22,1,off,0,normal
25-Apr-25,23:43:22,1,off,0,normal
25-Apr-25,23:42:43,1,off,0,normal
25-Apr-25,23:42:43,1,off,0,normal
25-Apr-25,23:41:50,1,off,0,normal
25-Apr-25,23:41:50,1,off,0,normal
25-Apr-25,23:40:57,1,off,0,normal
25-Apr-25,23:40:57,1,off,0,normal
25-Apr-25,23:40:15,0,off,0,normal
25-Apr-25,23:40:15,0,off,0,normal
25-Apr-25,23:39:15,1,off,0,normal
25-Apr-25,23:39:15,1,off,0,normal
25-Apr-25,23:38:38,1,off,0,normal
25-Apr-25,23:38:38,1,off,0,normal
25-Apr-25,23:37:55,1,off,0,normal
25-Apr-25,23:37:55,1,off,0,normal
25-Apr-25,23:37:23,1,off,0,normal
25-Apr-25,23:37:23,1,off,0,normal
25-Apr-25,23:36:44,1,off,0,normal
25-Apr-25,23:36:44,1,off,0,normal
25-Apr-25,23:36:09,1,off,0,normal
25-Apr-25,23:36:09,1,off,0,normal
25-Apr-25,23:35:29,0,off,0,normal
25-Apr-25,23:35:29,0,off,0,normal
25-Apr-25,23:34:54,1,off,0,normal
25-Apr-25,23:34:54,1,off,0,normal
25-Apr-25,23:33:59,0,off,0,normal
25-Apr-25,23:33:59,0,off,0,normal
25-Apr-25,23:33:28,0,off,0,normal
25-Apr-25,23:33:28,0,off,0,normal
25-Apr-25,23:32:48,1,off,0,normal
25-Apr-25,23:32:48,1,off,0,normal
25-Apr-25,23:32:00,1,off,0,normal
25-Apr-25,23:32:00,1,off,0,normal
25-Apr-25,23:31:03,1,off,0,normal
25-Apr-25,23:31:03,1,off,0,normal
25-Apr-25,23:30:12,0,off,0,normal
25-Apr-25,23:30:12,0,off,0,normal
25-Apr-25,23:29:26,1,off,0,normal
25-Apr-25,23:29:26,1,off,0,normal
25-Apr-25,23:28:43,0,off,0,normal
25-Apr-25,23:28:43,0,off,0,normal
25-Apr-25,23:28:01,0,off,0,normal
25-Apr-25,23:28:01,0,off,0,normal
25-Apr-25,23:27:23,1,off,0,normal
25-Apr-25,23:27:23,1,off,0,normal
25-Apr-25,23:26:25,0,off,0,normal
25-Apr-25,23:26:25,0,off,0,normal
25-Apr-25,23:25:51,0,off,0,normal
25-Apr-25,23:25:51,0,off,0,normal
25-Apr-25,23:25:08,0,off,0,normal
25-Apr-25,23:25:08,0,off,0,normal
25-Apr-25,23:24:26,1,off,0,normal
25-Apr-25,23:24:26,1,off,0,normal
25-Apr-25,23:23:52,0,off,0,normal
25-Apr-25,23:23:52,0,off,0,normal
25-Apr-25,23:23:13,0,off,0,normal
25-Apr-25,23:23:13,0,off,0,normal
25-Apr-25,23:22:36,1,off,0,normal
25-Apr-25,23:22:36,1,off,0,normal
25-Apr-25,23:22:00,1,off,0,normal
25-Apr-25,23:22:00,1,off,0,normal
25-Apr-25,23:21:06,0,off,0,normal
25-Apr-25,23:21:06,0,off,0,normal
25-Apr-25,23:20:07,1,off,0,normal
25-Apr-25,23:20:07,1,off,0,normal
25-Apr-25,23:19:28,1,off,0,normal
25-Apr-25,23:19:28,1,off,0,normal
25-Apr-25,23:18:57,1,off,0,normal
25-Apr-25,23:18:57,1,off,0,normal
25-Apr-25,23:18:00,1,off,0,normal
25-Apr-25,23:18:00,1,off,0,normal
25-Apr-25,23:17:12,0,off,0,normal
25-Apr-25,23:17:12,0,off,0,normal
25-Apr-25,23:16:38,1,off,0,normal
25-Apr-25,23:16:38,1,off,0,normal
25-Apr-25,23:16:07,1,off,0,normal
25-Apr-25,23:16:07,1,off,0,normal
25-Apr-25,23:15:23,0,off,0,normal
25-Apr-25,23:15:23,0,off,0,normal
25-Apr-25,23:14:42,1,off,0,normal
25-Apr-25,23:14:42,1,off,0,normal
25-Apr-25,23:13:57,1,off,0,normal
25-Apr-25,23:13:57,1,off,0,normal
25-Apr-25,23:13:11,0,off,0,normal
25-Apr-25,23:13:11,0,off,0,normal
25-Apr-25,23:12:12,0,off,0,normal
25-Apr-25,23:12:12,0,off,0,normal
25-Apr-25,23:11:23,0,off,0,normal
25-Apr-25,23:11:23,0,off,0,normal
25-Apr-25,23:10:47,1,off,0,normal
25-Apr-25,23:10:47,1,off,0,normal
25-Apr-25,23:09:59,1,off,0,normal
25-Apr-25,23:09:59,1,off,0,normal
25-Apr-25,23:09:30,0,off,0,normal
25-Apr-25,23:09:30,0,off,0,normal
25-Apr-25,23:08:44,1,off,0,normal
25-Apr-25,23:08:44,1,off,0,normal
25-Apr-25,23:07:56,1,off,0,normal
25-Apr-25,23:07:56,1,off,0,normal
25-Apr-25,23:07:15,0,off,0,normal
25-Apr-25,23:07:15,0,off,0,normal
25-Apr-25,23:06:32,0,off,0,normal
25-Apr-25,23:06:32,0,off,0,normal
25-Apr-25,23:05:37,1,off,0,normal
25-Apr-25,23:05:37,1,off,0,normal
25-Apr-25,23:04:50,1,off,0,normal
25-Apr-25,23:04:50,1,off,0,normal
25-Apr-25,23:03:53,1,off,0,normal
25-Apr-25,23:03:53,1,off,0,normal
25-Apr-25,23:03:04,0,off,0,normal
25-Apr-25,23:03:04,0,off,0,normal
25-Apr-25,23:02:14,0,off,0,normal
25-Apr-25,23:02:14,0,off,0,normal
25-Apr-25,23:01:36,1,off,0,normal
25-Apr-25,23:01:36,1,off,0,normal
25-Apr-25,23:01:06,1,off,0,normal
25-Apr-25,23:01:06,1,off,0,normal
25-Apr-25,23:00:15,1,off,0,normal
25-Apr-25,23:00:15,1,off,0,normal
25-Apr-25,22:59:35,0,off,0,normal
25-Apr-25,22:59:35,0,off,0,normal
25-Apr-25,22:58:46,1,off,0,normal
25-Apr-25,22:58:46,1,off,0,normal
25-Apr-25,22:57:48,1,off,0,normal
25-Apr-25,22:57:48,1,off,0,normal
25-Apr-25,22:57:00,1,off,0,normal
25-Apr-25,22:57:00,1,off,0,normal
25-Apr-25,22:56:12,1,off,0,normal
25-Apr-25,22:56:12,1,off,0,normal
25-Apr-25,22:55:26,0,off,0,normal
25-Apr-25,22:55:26,0,off,0,normal
25-Apr-25,22:54:49,1,off,0,normal
25-Apr-25,22:54:49,1,off,0,normal
25-Apr-25,22:54:01,0,off,0,normal
25-Apr-25,22:54:01,0,off,0,normal
25-Apr-25,22:53:26,0,off,0,normal
25-Apr-25,22:53:26,0,off,0,normal
25-Apr-25,22:52:34,1,off,0,normal
25-Apr-25,22:52:34,1,off,0,normal
25-Apr-25,22:51:53,1,off,0,normal
25-Apr-25,22:51:53,1,off,0,normal
25-Apr-25,22:50:59,1,off,0,normal
25-Apr-25,22:50:59,1,off,0,normal
25-Apr-25,22:50:08,0,off,0,normal
25-Apr-25,22:50:08,0,off,0,normal
25-Apr-25,22:49:20,1,off,0,normal
25-Apr-25,22:49:20,1,off,0,normal
25-Apr-25,22:48:42,0,off,0,normal
25-Apr-25,22:48:42,0,off,0,normal
25-Apr-25,22:48:04,0,off,0,normal
25-Apr-25,22:48:04,0,off,0,normal
25-Apr-25,22:47:28,0,off,0,normal
25-Apr-25,22:47:28,0,off,0,normal
25-Apr-25,22:46:29,0,off,0,normal
25-Apr-25,22:46:29,0,off,0,normal
25-Apr-25,22:45:43,1,off,0,normal
25-Apr-25,22:45:43,1,off,0,normal
25-Apr-25,22:44:46,0,off,0,normal
25-Apr-25,22:44:46,0,off,0,normal
25-Apr-25,22:44:04,1,off,0,normal
25-Apr-25,22:44:04,1,off,0,normal
25-Apr-25,22:43:05,0,off,0,normal
25-Apr-25,22:43:05,0,off,0,normal
25-Apr-25,22:42:12,0,off,0,normal
25-Apr-25,22:42:12,0,off,0,normal
25-Apr-25,22:41:27,0,off,0,normal
25-Apr-25,22:41:27,0,off,0,normal
25-Apr-25,22:40:46,1,off,0,normal
25-Apr-25,22:40:46,1,off,0,normal
25-Apr-25,22:40:11,1,off,0,normal
25-Apr-25,22:40:11,1,off,0,normal
25-Apr-25,22:39:21,1,off,0,normal
25-Apr-25,22:39:21,1,off,0,normal
25-Apr-25,22:38:48,1,off,0,normal
25-Apr-25,22:38:48,1,off,0,normal
25-Apr-25,22:37:52,0,off,0,normal
25-Apr-25,22:37:52,0,off,0,normal
25-Apr-25,22:37:22,1,off,0,normal
25-Apr-25,22:37:22,1,off,0,normal
25-Apr-25,22:36:50,0,off,0,normal
25-Apr-25,22:36:50,0,off,0,normal
25-Apr-25,22:36:13,0,off,0,normal
25-Apr-25,22:36:13,0,off,0,normal
25-Apr-25,22:35:23,0,off,0,normal
25-Apr-25,22:35:23,0,off,0,normal
25-Apr-25,22:34:53,0,off,0,normal
25-Apr-25,22:34:53,0,off,0,normal
25-Apr-25,22:34:18,0,off,0,normal
25-Apr-25,22:34:18,0,off,0,normal
25-Apr-25,22:33:43,0,off,0,normal
25-Apr-25,22:33:43,0,off,0,normal
25-Apr-25,22:32:55,1,off,0,normal
25-Apr-25,22:32:55,1,off,0,normal
25-Apr-25,22:32:06,0,off,0,normal
25-Apr-25,22:32:06,0,off,0,normal
25-Apr-25,22:31:06,0,off,0,normal
25-Apr-25,22:31:06,0,off,0,normal
25-Apr-25,22:30:16,0,off,0,normal
25-Apr-25,22:30:16,0,off,0,normal
25-Apr-25,22:29:40,0,off,0,normal
25-Apr-25,22:29:40,0,off,0,normal
25-Apr-25,22:28:53,0,off,0,normal
25-Apr-25,22:28:53,0,off,0,normal
25-Apr-25,22:28:05,0,off,0,normal
25-Apr-25,22:28:05,0,off,0,normal
25-Apr-25,22:27:25,0,off,0,normal
25-Apr-25,22:27:25,0,off,0,normal
25-Apr-25,22:26:36,1,off,0,normal
25-Apr-25,22:26:36,1,off,0,normal
25-Apr-25,22:26:04,1,off,0,normal
25-Apr-25,22:26:04,1,off,0,normal
25-Apr-25,22:25:06,0,off,0,normal
25-Apr-25,22:25:06,0,off,0,normal
25-Apr-25,22:24:27,1,off,0,normal
25-Apr-25,22:24:27,1,off,0,normal
25-Apr-25,22:23:50,0,off,0,normal
25-Apr-25,22:23:50,0,off,0,normal
25-Apr-25,22:23:05,1,off,0,normal
25-Apr-25,22:23:05,1,off,0,normal
25-Apr-25,22:22:31,0,off,0,normal
25-Apr-25,22:22:31,0,off,0,normal
25-Apr-25,22:21:35,0,off,0,normal
25-Apr-25,22:21:35,0,off,0,normal
25-Apr-25,22:20:38,0,off,0,normal
25-Apr-25,22:20:38,0,off,0,normal
25-Apr-25,22:19:50,0,off,0,normal
25-Apr-25,22:19:50,0,off,0,normal
25-Apr-25,22:19:15,0,off,0,normal
25-Apr-25,22:19:15,0,off,0,normal
25-Apr-25,22:18:42,0,off,0,normal
25-Apr-25,22:18:42,0,off,0,normal
25-Apr-25,22:18:11,0,off,0,normal
25-Apr-25,22:18:11,0,off,0,normal
25-Apr-25,22:17:17,0,off,0,normal
25-Apr-25,22:17:17,0,off,0,normal
25-Apr-25,22:16:45,0,off,0,normal
25-Apr-25,22:16:45,0,off,0,normal
25-Apr-25,22:15:52,0,off,0,normal
25-Apr-25,22:15:52,0,off,0,normal
25-Apr-25,22:15:11,1,off,0,normal
25-Apr-25,22:15:11,1,off,0,normal
25-Apr-25,22:14:30,1,off,0,normal
25-Apr-25,22:14:30,1,off,0,normal
25-Apr-25,22:13:56,1,off,0,normal
25-Apr-25,22:13:56,1,off,0,normal
25-Apr-25,22:13:07,1,off,0,normal
25-Apr-25,22:13:07,1,off,0,normal
25-Apr-25,22:12:10,0,off,0,normal
25-Apr-25,22:12:10,0,off,0,normal
25-Apr-25,22:11:31,1,off,0,normal
25-Apr-25,22:11:31,1,off,0,normal
25-Apr-25,22:10:54,1,off,0,normal
25-Apr-25,22:10:54,1,off,0,normal
25-Apr-25,22:10:07,0,off,0,normal
25-Apr-25,22:10:07,0,off,0,normal
25-Apr-25,22:09:27,0,off,0,normal
25-Apr-25,22:09:27,0,off,0,normal
25-Apr-25,22:08:56,0,off,0,normal
25-Apr-25,22:08:56,0,off,0,normal
25-Apr-25,22:08:13,0,off,0,normal
25-Apr-25,22:08:13,0,off,0,normal
25-Apr-25,22:07:40,1,off,0,normal
25-Apr-25,22:07:40,1,off,0,normal
25-Apr-25,22:06:49,1,off,0,normal
25-Apr-25,22:06:49,1,off,0,normal
25-Apr-25,22:05:53,1,off,0,normal
25-Apr-25,22:05:53,1,off,0,normal
25-Apr-25,22:05:00,0,off,0,normal
25-Apr-25,22:05:00,0,off,0,normal
25-Apr-25,22:04:09,0,off,0,normal
25-Apr-25,22:04:09,0,off,0,normal
25-Apr-25,22:03:25,1,off,0,normal
25-Apr-25,22:03:25,1,off,0,normal
25-Apr-25,22:02:44,0,off,0,normal
25-Apr-25,22:02:44,0,off,0,normal
25-Apr-25,22:01:49,0,off,0,normal
25-Apr-25,22:01:49,0,off,0,normal
25-Apr-25,22:00:54,1,off,0,normal
25-Apr-25,22:00:54,1,off,0,normal
25-Apr-25,22:00:17,1,off,0,normal
25-Apr-25,22:00:17,1,off,0,normal
25-Apr-25,21:59:40,1,off,0,normal
25-Apr-25,21:59:40,1,off,0,normal
25-Apr-25,21:59:03,0,off,0,normal
25-Apr-25,21:59:03,0,off,0,normal
25-Apr-25,21:58:29,0,off,0,normal
25-Apr-25,21:58:29,0,off,0,normal
25-Apr-25,21:57:51,1,off,0,normal
25-Apr-25,21:57:51,1,off,0,normal
25-Apr-25,21:56:56,0,off,0,normal
25-Apr-25,21:56:56,0,off,0,normal
25-Apr-25,21:56:21,0,off,0,normal
25-Apr-25,21:56:21,0,off,0,normal
25-Apr-25,21:55:41,0,off,0,normal
25-Apr-25,21:55:41,0,off,0,normal
25-Apr-25,21:55:00,1,off,0,normal
25-Apr-25,21:55:00,1,off,0,normal
25-Apr-25,21:54:30,0,off,0,normal
25-Apr-25,21:54:30,0,off,0,normal
25-Apr-25,21:53:32,1,off,0,normal
25-Apr-25,21:53:32,1,off,0,normal
25-Apr-25,21:52:51,1,off,0,normal
25-Apr-25,21:52:51,1,off,0,normal
25-Apr-25,21:52:12,1,off,0,normal
25-Apr-25,21:52:12,1,off,0,normal
25-Apr-25,21:51:25,0,off,0,normal
25-Apr-25,21:51:25,0,off,0,normal
25-Apr-25,21:50:53,0,off,0,normal
25-Apr-25,21:50:53,0,off,0,normal
25-Apr-25,21:50:08,1,off,0,normal
25-Apr-25,21:50:08,1,off,0,normal
25-Apr-25,21:49:32,0,off,0,normal
25-Apr-25,21:49:32,0,off,0,normal
25-Apr-25,21:48:42,0,off,0,normal
25-Apr-25,21:48:42,0,off,0,normal
25-Apr-25,21:48:06,0,off,0,normal
25-Apr-25,21:48:06,0,off,0,normal
25-Apr-25,21:47:20,1,off,0,normal
25-Apr-25,21:47:20,1,off,0,normal
25-Apr-25,21:46:24,0,off,0,normal
25-Apr-25,21:46:24,0,off,0,normal
25-Apr-25,21:45:34,0,off,0,normal
25-Apr-25,21:45:34,0,off,0,normal
25-Apr-25,21:44:43,0,off,0,normal
25-Apr-25,21:44:43,0,off,0,normal
25-Apr-25,21:44:03,0,off,0,normal
25-Apr-25,21:44:03,0,off,0,normal
25-Apr-25,21:43:11,0,off,0,normal
25-Apr-25,21:43:11,0,off,0,normal
25-Apr-25,21:42:40,0,off,0,normal
25-Apr-25,21:42:40,0,off,0,normal
25-Apr-25,21:42:01,0,off,0,normal
25-Apr-25,21:42:01,0,off,0,normal
25-Apr-25,21:41:10,1,off,0,normal
25-Apr-25,21:41:10,1,off,0,normal
25-Apr-25,21:40:19,0,off,0,normal
25-Apr-25,21:40:19,0,off,0,normal
25-Apr-25,21:39:37,0,off,0,normal
25-Apr-25,21:39:37,0,off,0,normal
25-Apr-25,21:38:44,1,off,0,normal
25-Apr-25,21:38:44,1,off,0,normal
25-Apr-25,21:37:45,1,off,0,normal
25-Apr-25,21:37:45,1,off,0,normal
25-Apr-25,21:36:50,1,off,0,normal
25-Apr-25,21:36:50,1,off,0,normal
25-Apr-25,21:36:08,0,off,0,normal
25-Apr-25,21:36:08,0,off,0,normal
25-Apr-25,21:35:34,0,off,0,normal
25-Apr-25,21:35:34,0,off,0,normal
25-Apr-25,21:34:34,0,off,0,normal
25-Apr-25,21:34:34,0,off,0,normal
25-Apr-25,21:34:02,0,off,0,normal
25-Apr-25,21:34:02,0,off,0,normal
25-Apr-25,21:33:17,0,off,0,normal
25-Apr-25,21:33:17,0,off,0,normal
25-Apr-25,21:32:41,0,off,0,normal
25-Apr-25,21:32:41,0,off,0,normal
25-Apr-25,21:31:43,1,off,0,normal
25-Apr-25,21:31:43,1,off,0,normal
25-Apr-25,21:30:58,0,off,0,normal
25-Apr-25,21:30:58,0,off,0,normal
25-Apr-25,21:30:02,1,off,0,normal
25-Apr-25,21:30:02,1,off,0,normal
25-Apr-25,21:29:05,0,off,0,normal
25-Apr-25,21:29:05,0,off,0,normal
25-Apr-25,21:28:07,0,off,0,normal
25-Apr-25,21:28:07,0,off,0,normal
25-Apr-25,21:27:29,1,off,0,normal
25-Apr-25,21:27:29,1,off,0,normal
25-Apr-25,21:26:58,1,off,0,normal
25-Apr-25,21:26:58,1,off,0,normal
25-Apr-25,21:26:22,1,off,0,normal
25-Apr-25,21:26:22,1,off,0,normal
25-Apr-25,21:25:24,1,off,0,normal
25-Apr-25,21:25:24,1,off,0,normal
25-Apr-25,21:24:31,1,off,0,normal
25-Apr-25,21:24:31,1,off,0,normal
25-Apr-25,21:23:43,1,off,0,normal
25-Apr-25,21:23:43,1,off,0,normal
25-Apr-25,21:22:44,1,off,0,normal
25-Apr-25,21:22:44,1,off,0,normal
25-Apr-25,21:22:11,0,off,0,normal
25-Apr-25,21:22:11,0,off,0,normal
25-Apr-25,21:21:31,1,off,0,normal
25-Apr-25,21:21:31,1,off,0,normal
25-Apr-25,21:20:46,0,off,0,normal
25-Apr-25,21:20:46,0,off,0,normal
25-Apr-25,21:20:11,0,off,0,normal
25-Apr-25,21:20:11,0,off,0,normal
24-Apr-25,23:11:59,1,off,0,normal
24-Apr-25,23:11:59,1,off,0,normal
24-Apr-25,23:11:05,0,off,0,normal
24-Apr-25,23:11:05,0,off,0,normal
24-Apr-25,23:10:29,0,off,0,normal
24-Apr-25,23:10:29,0,off,0,normal
24-Apr-25,23:09:52,1,off,0,normal
24-Apr-25,23:09:52,1,off,0,normal
24-Apr-25,23:09:11,0,off,0,normal
24-Apr-25,23:09:11,0,off,0,normal
24-Apr-25,23:08:36,0,off,0,normal
24-Apr-25,23:08:36,0,off,0,normal
24-Apr-25,23:08:00,0,off,0,normal
24-Apr-25,23:08:00,0,off,0,normal
24-Apr-25,23:07:23,1,off,0,normal
24-Apr-25,23:07:23,1,off,0,normal
24-Apr-25,23:06:27,0,off,0,normal
24-Apr-25,23:06:27,0,off,0,normal
24-Apr-25,23:05:44,1,off,0,normal
24-Apr-25,23:05:44,1,off,0,normal
24-Apr-25,23:04:47,1,off,0,normal
24-Apr-25,23:04:47,1,off,0,normal
24-Apr-25,23:04:09,1,off,0,normal
24-Apr-25,23:04:09,1,off,0,normal
24-Apr-25,23:03:14,1,off,0,normal
24-Apr-25,23:03:14,1,off,0,normal
24-Apr-25,23:02:19,1,off,0,normal
24-Apr-25,23:02:19,1,off,0,normal
24-Apr-25,23:01:49,0,off,0,normal
24-Apr-25,23:01:49,0,off,0,normal
24-Apr-25,23:01:16,0,off,0,normal
24-Apr-25,23:01:16,0,off,0,normal
24-Apr-25,23:00:36,1,off,0,normal
24-Apr-25,23:00:36,1,off,0,normal
24-Apr-25,22:59:40,1,off,0,normal
24-Apr-25,22:59:40,1,off,0,normal
24-Apr-25,22:59:06,1,off,0,normal
24-Apr-25,22:59:06,1,off,0,normal
24-Apr-25,22:58:16,1,off,0,normal
24-Apr-25,22:58:16,1,off,0,normal
24-Apr-25,22:57:46,1,off,0,normal
24-Apr-25,22:57:46,1,off,0,normal
24-Apr-25,22:56:50,1,off,0,normal
24-Apr-25,22:56:50,1,off,0,normal
24-Apr-25,22:55:52,0,off,0,normal
24-Apr-25,22:55:52,0,off,0,normal
24-Apr-25,22:55:18,1,off,0,normal
24-Apr-25,22:55:18,1,off,0,normal
24-Apr-25,22:54:38,1,off,0,normal
24-Apr-25,22:54:38,1,off,0,normal
24-Apr-25,22:53:52,1,off,0,normal
24-Apr-25,22:53:52,1,off,0,normal
24-Apr-25,22:52:57,1,off,0,normal
24-Apr-25,22:52:57,1,off,0,normal
24-Apr-25,22:52:26,1,off,0,normal
24-Apr-25,22:52:26,1,off,0,normal
24-Apr-25,22:51:43,0,off,0,normal
24-Apr-25,22:51:43,0,off,0,normal
24-Apr-25,22:50:45,0,off,0,normal
24-Apr-25,22:50:45,0,off,0,normal
24-Apr-25,22:50:09,0,off,0,normal
24-Apr-25,22:50:09,0,off,0,normal
24-Apr-25,22:49:26,1,off,0,normal
24-Apr-25,22:49:26,1,off,0,normal
24-Apr-25,22:48:39,0,off,0,normal
24-Apr-25,22:48:39,0,off,0,normal
24-Apr-25,22:47:50,0,off,0,normal
24-Apr-25,22:47:50,0,off,0,normal
24-Apr-25,22:46:57,1,off,0,normal
24-Apr-25,22:46:57,1,off,0,normal
24-Apr-25,22:46:02,1,off,0,normal
24-Apr-25,22:46:02,1,off,0,normal
24-Apr-25,22:45:12,1,off,0,normal
24-Apr-25,22:45:12,1,off,0,normal
24-Apr-25,22:44:18,1,off,0,normal
24-Apr-25,22:44:18,1,off,0,normal
24-Apr-25,22:43:45,0,off,0,normal
24-Apr-25,22:43:45,0,off,0,normal
24-Apr-25,22:42:58,1,off,0,normal
24-Apr-25,22:42:58,1,off,0,normal
24-Apr-25,22:42:25,1,off,0,normal
24-Apr-25,22:42:25,1,off,0,normal
24-Apr-25,22:41:37,0,off,0,normal
24-Apr-25,22:41:37,0,off,0,normal
24-Apr-25,22:41:06,0,off,0,normal
24-Apr-25,22:41:06,0,off,0,normal
24-Apr-25,22:40:22,0,off,0,normal
24-Apr-25,22:40:22,0,off,0,normal
24-Apr-25,22:39:27,1,off,0,normal
24-Apr-25,22:39:27,1,off,0,normal
24-Apr-25,22:38:42,0,off,0,normal
24-Apr-25,22:38:42,0,off,0,normal
24-Apr-25,22:37:51,1,off,0,normal
24-Apr-25,22:37:51,1,off,0,normal
24-Apr-25,22:37:18,1,off,0,normal
24-Apr-25,22:37:18,1,off,0,normal
24-Apr-25,22:36:37,1,off,0,normal
24-Apr-25,22:36:37,1,off,0,normal
24-Apr-25,22:35:51,0,off,0,normal
24-Apr-25,22:35:51,0,off,0,normal
24-Apr-25,22:35:15,0,off,0,normal
24-Apr-25,22:35:15,0,off,0,normal
24-Apr-25,22:34:24,1,off,0,normal
24-Apr-25,22:34:24,1,off,0,normal
24-Apr-25,22:33:43,1,off,0,normal
24-Apr-25,22:33:43,1,off,0,normal
24-Apr-25,22:32:45,0,off,0,normal
24-Apr-25,22:32:45,0,off,0,normal
24-Apr-25,22:31:50,0,off,0,normal
24-Apr-25,22:31:50,0,off,0,normal
24-Apr-25,22:31:06,0,off,0,normal
24-Apr-25,22:31:06,0,off,0,normal
24-Apr-25,22:30:23,0,off,0,normal
24-Apr-25,22:30:23,0,off,0,normal
24-Apr-25,22:29:44,1,off,0,normal
24-Apr-25,22:29:44,1,off,0,normal
24-Apr-25,22:28:46,1,off,0,normal
24-Apr-25,22:28:46,1,off,0,normal
24-Apr-25,22:27:59,0,off,0,normal
24-Apr-25,22:27:59,0,off,0,normal
24-Apr-25,22:27:01,0,off,0,normal
24-Apr-25,22:27:01,0,off,0,normal
24-Apr-25,22:26:22,1,off,0,normal
24-Apr-25,22:26:22,1,off,0,normal
24-Apr-25,22:25:29,0,off,0,normal
24-Apr-25,22:25:29,0,off,0,normal
24-Apr-25,22:24:36,1,off,0,normal
24-Apr-25,22:24:36,1,off,0,normal
24-Apr-25,22:24:05,0,off,0,normal
24-Apr-25,22:24:05,0,off,0,normal
24-Apr-25,22:23:15,1,off,0,normal
24-Apr-25,22:23:15,1,off,0,normal
24-Apr-25,22:22:40,0,off,0,normal
24-Apr-25,22:22:40,0,off,0,normal
24-Apr-25,22:21:48,0,off,0,normal
24-Apr-25,22:21:48,0,off,0,normal
24-Apr-25,22:20:51,0,off,0,normal
24-Apr-25,22:20:51,0,off,0,normal
24-Apr-25,22:20:05,0,off,0,normal
24-Apr-25,22:20:05,0,off,0,normal
24-Apr-25,22:19:35,1,off,0,normal
24-Apr-25,22:19:35,1,off,0,normal
24-Apr-25,22:18:46,1,off,0,normal
24-Apr-25,22:18:46,1,off,0,normal
24-Apr-25,22:17:49,0,off,0,normal
24-Apr-25,22:17:49,0,off,0,normal
24-Apr-25,22:16:51,1,off,0,normal
24-Apr-25,22:16:51,1,off,0,normal
24-Apr-25,22:15:54,0,off,0,normal
24-Apr-25,22:15:54,0,off,0,normal
24-Apr-25,22:15:22,1,off,0,normal
24-Apr-25,22:15:22,1,off,0,normal
24-Apr-25,22:14:36,1,off,0,normal
24-Apr-25,22:14:36,1,off,0,normal
24-Apr-25,22:14:04,1,off,0,normal
24-Apr-25,22:14:04,1,off,0,normal
24-Apr-25,22:13:26,0,off,0,normal
24-Apr-25,22:13:26,0,off,0,normal
24-Apr-25,22:12:56,1,off,0,normal
24-Apr-25,22:12:56,1,off,0,normal
24-Apr-25,22:12:13,1,off,0,normal
24-Apr-25,22:12:13,1,off,0,normal
24-Apr-25,22:11:28,0,off,0,normal
24-Apr-25,22:11:28,0,off,0,normal
24-Apr-25,22:10:43,0,off,0,normal
24-Apr-25,22:10:43,0,off,0,normal
24-Apr-25,22:10:01,1,off,0,normal
24-Apr-25,22:10:01,1,off,0,normal
24-Apr-25,22:09:31,1,off,0,normal
24-Apr-25,22:09:31,1,off,0,normal
24-Apr-25,22:08:50,0,off,0,normal
24-Apr-25,22:08:50,0,off,0,normal
24-Apr-25,22:07:56,1,off,0,normal
24-Apr-25,22:07:56,1,off,0,normal
24-Apr-25,22:07:22,0,off,0,normal
24-Apr-25,22:07:22,0,off,0,normal
24-Apr-25,22:06:31,1,off,0,normal
24-Apr-25,22:06:31,1,off,0,normal
24-Apr-25,22:05:37,0,off,0,normal
24-Apr-25,22:05:37,0,off,0,normal
24-Apr-25,22:04:42,0,off,0,normal
24-Apr-25,22:04:42,0,off,0,normal
24-Apr-25,22:03:54,0,off,0,normal
24-Apr-25,22:03:54,0,off,0,normal
24-Apr-25,22:02:59,1,off,0,normal
24-Apr-25,22:02:59,1,off,0,normal
24-Apr-25,22:02:21,0,off,0,normal
24-Apr-25,22:02:21,0,off,0,normal
24-Apr-25,22:01:28,1,off,0,normal
24-Apr-25,22:01:28,1,off,0,normal
24-Apr-25,22:00:40,0,off,0,normal
24-Apr-25,22:00:40,0,off,0,normal
24-Apr-25,21:59:45,1,off,0,normal
24-Apr-25,21:59:45,1,off,0,normal
24-Apr-25,21:59:02,0,off,0,normal
24-Apr-25,21:59:02,0,off,0,normal
24-Apr-25,21:58:04,0,off,0,normal
24-Apr-25,21:58:04,0,off,0,normal
24-Apr-25,21:57:07,0,off,0,normal
24-Apr-25,21:57:07,0,off,0,normal
24-Apr-25,21:56:33,0,off,0,normal
24-Apr-25,21:56:33,0,off,0,normal
24-Apr-25,21:55:44,0,off,0,normal
24-Apr-25,21:55:44,0,off,0,normal
24-Apr-25,21:55:00,0,off,0,normal
24-Apr-25,21:55:00,0,off,0,normal
24-Apr-25,21:54:03,1,off,0,normal
24-Apr-25,21:54:03,1,off,0,normal
24-Apr-25,21:53:21,1,off,0,normal
24-Apr-25,21:53:21,1,off,0,normal
24-Apr-25,21:52:35,1,off,0,normal
24-Apr-25,21:52:35,1,off,0,normal
24-Apr-25,21:51:50,0,off,0,normal
24-Apr-25,21:51:50,0,off,0,normal
24-Apr-25,21:51:03,0,off,0,normal
24-Apr-25,21:51:03,0,off,0,normal
24-Apr-25,21:50:15,1,off,0,normal
24-Apr-25,21:50:15,1,off,0,normal
24-Apr-25,21:49:15,1,off,0,normal
24-Apr-25,21:49:15,1,off,0,normal
24-Apr-25,21:48:40,1,off,0,normal
24-Apr-25,21:48:40,1,off,0,normal
24-Apr-25,21:48:10,0,off,0,normal
24-Apr-25,21:48:10,0,off,0,normal
24-Apr-25,21:47:16,1,off,0,normal
24-Apr-25,21:47:16,1,off,0,normal
24-Apr-25,21:46:33,1,off,0,normal
24-Apr-25,21:46:33,1,off,0,normal
24-Apr-25,21:45:42,0,off,0,normal
24-Apr-25,21:45:42,0,off,0,normal
24-Apr-25,21:45:07,1,off,0,normal
24-Apr-25,21:45:07,1,off,0,normal
24-Apr-25,21:44:14,1,off,0,normal
24-Apr-25,21:44:14,1,off,0,normal
24-Apr-25,21:43:20,1,off,0,normal
24-Apr-25,21:43:20,1,off,0,normal
24-Apr-25,21:42:26,1,off,0,normal
24-Apr-25,21:42:26,1,off,0,normal
24-Apr-25,21:41:27,0,off,0,normal
24-Apr-25,21:41:27,0,off,0,normal
24-Apr-25,21:40:45,1,off,0,normal
24-Apr-25,21:40:45,1,off,0,normal
24-Apr-25,21:39:46,1,off,0,normal
24-Apr-25,21:39:46,1,off,0,normal
24-Apr-25,21:38:47,0,off,0,normal
24-Apr-25,21:38:47,0,off,0,normal
24-Apr-25,21:37:57,0,off,0,normal
24-Apr-25,21:37:57,0,off,0,normal
24-Apr-25,21:37:22,1,off,0,normal
24-Apr-25,21:37:22,1,off,0,normal
24-Apr-25,21:36:24,1,off,0,normal
24-Apr-25,21:36:24,1,off,0,normal
24-Apr-25,21:35:54,1,off,0,normal
24-Apr-25,21:35:54,1,off,0,normal
24-Apr-25,21:34:54,0,off,0,normal
24-Apr-25,21:34:54,0,off,0,normal
24-Apr-25,21:34:07,0,off,0,normal
24-Apr-25,21:34:07,0,off,0,normal
24-Apr-25,21:33:26,0,off,0,normal
24-Apr-25,21:33:26,0,off,0,normal
24-Apr-25,21:32:50,1,off,0,normal
24-Apr-25,21:32:50,1,off,0,normal
24-Apr-25,21:32:08,1,off,0,normal
24-Apr-25,21:32:08,1,off,0,normal
24-Apr-25,21:31:25,0,off,0,normal
24-Apr-25,21:31:25,0,off,0,normal
24-Apr-25,21:30:32,1,off,0,normal
24-Apr-25,21:30:32,1,off,0,normal
24-Apr-25,21:29:37,1,off,0,normal
24-Apr-25,21:29:37,1,off,0,normal
24-Apr-25,21:29:01,0,off,0,normal
24-Apr-25,21:29:01,0,off,0,normal
24-Apr-25,21:28:23,0,off,0,normal
24-Apr-25,21:28:23,0,off,0,normal
24-Apr-25,21:27:51,0,off,0,normal
24-Apr-25,21:27:51,0,off,0,normal
24-Apr-25,21:27:08,1,off,0,normal
24-Apr-25,21:27:08,1,off,0,normal
24-Apr-25,21:26:37,0,off,0,normal
24-Apr-25,21:26:37,0,off,0,normal
24-Apr-25,21:26:07,1,off,0,normal
24-Apr-25,21:26:07,1,off,0,normal
24-Apr-25,21:25:31,1,off,0,normal
24-Apr-25,21:25:31,1,off,0,normal
24-Apr-25,21:24:43,1,off,0,normal
24-Apr-25,21:24:43,1,off,0,normal
24-Apr-25,21:24:08,1,off,0,normal
24-Apr-25,21:24:08,1,off,0,normal
24-Apr-25,21:23:18,1,off,0,normal
24-Apr-25,21:23:18,1,off,0,normal
24-Apr-25,21:22:42,1,off,0,normal
24-Apr-25,21:22:42,1,off,0,normal
24-Apr-25,21:22:11,0,off,0,normal
24-Apr-25,21:22:11,0,off,0,normal
24-Apr-25,21:21:22,1,off,0,normal
24-Apr-25,21:21:22,1,off,0,normal
24-Apr-25,21:20:37,1,off,0,normal
24-Apr-25,21:20:37,1,off,0,normal
24-Apr-25,21:19:59,1,off,0,normal
24-Apr-25,21:19:59,1,off,0,normal
24-Apr-25,21:19:26,0,off,0,normal
24-Apr-25,21:19:26,0,off,0,normal
24-Apr-25,21:18:37,0,off,0,normal
24-Apr-25,21:18:37,0,off,0,normal
24-Apr-25,21:17:52,1,off,0,normal
24-Apr-25,21:17:52,1,off,0,normal
24-Apr-25,21:16:59,0,off,0,normal
24-Apr-25,21:16:59,0,off,0,normal
24-Apr-25,21:16:27,0,off,0,normal
24-Apr-25,21:16:27,0,off,0,normal
24-Apr-25,21:15:35,1,off,0,normal
24-Apr-25,21:15:35,1,off,0,normal
24-Apr-25,21:14:48,0,off,0,normal
24-Apr-25,21:14:48,0,off,0,normal
24-Apr-25,21:14:11,0,off,0,normal
24-Apr-25,21:14:11,0,off,0,normal
24-Apr-25,21:13:14,0,off,0,normal
24-Apr-25,21:13:14,0,off,0,normal
24-Apr-25,21:12:17,0,off,0,normal
24-Apr-25,21:12:17,0,off,0,normal
24-Apr-25,21:11:29,0,off,0,normal
24-Apr-25,21:11:29,0,off,0,normal
24-Apr-25,21:10:30,1,off,0,normal
24-Apr-25,21:10:30,1,off,0,normal
24-Apr-25,21:09:46,0,off,0,normal
24-Apr-25,21:09:46,0,off,0,normal
24-Apr-25,21:08:52,0,off,0,normal
24-Apr-25,21:08:52,0,off,0,normal
24-Apr-25,21:08:05,0,off,0,normal
24-Apr-25,21:08:05,0,off,0,normal
24-Apr-25,21:07:29,0,off,0,normal
24-Apr-25,21:07:29,0,off,0,normal
24-Apr-25,21:06:59,0,off,0,normal
24-Apr-25,21:06:59,0,off,0,normal
24-Apr-25,21:06:00,0,off,0,normal
24-Apr-25,21:06:00,0,off,0,normal
24-Apr-25,21:05:11,0,off,0,normal
24-Apr-25,21:05:11,0,off,0,normal
24-Apr-25,21:04:21,0,off,0,normal
24-Apr-25,21:04:21,0,off,0,normal
24-Apr-25,21:03:40,1,off,0,normal
24-Apr-25,21:03:40,1,off,0,normal
24-Apr-25,21:02:55,1,off,0,normal
24-Apr-25,21:02:55,1,off,0,normal
24-Apr-25,21:02:24,0,off,0,normal
24-Apr-25,21:02:24,0,off,0,normal
24-Apr-25,21:01:36,1,off,0,normal
24-Apr-25,21:01:36,1,off,0,normal
24-Apr-25,21:00:41,0,off,0,normal
24-Apr-25,21:00:41,0,off,0,normal
24-Apr-25,20:59:47,1,off,0,normal
24-Apr-25,20:59:47,1,off,0,normal
24-Apr-25,20:58:54,0,off,0,normal
24-Apr-25,20:58:54,0,off,0,normal
24-Apr-25,20:58:02,1,off,0,normal
24-Apr-25,20:58:02,1,off,0,normal
24-Apr-25,20:57:26,1,off,0,normal
24-Apr-25,20:57:26,1,off,0,normal
24-Apr-25,20:56:40,1,off,0,normal
24-Apr-25,20:56:40,1,off,0,normal
24-Apr-25,20:56:02,1,off,0,normal
24-Apr-25,20:56:02,1,off,0,normal
24-Apr-25,20:55:23,0,off,0,normal
24-Apr-25,20:55:23,0,off,0,normal
24-Apr-25,20:54:37,1,off,0,normal
24-Apr-25,20:54:37,1,off,0,normal
24-Apr-25,20:54:05,1,off,0,normal
24-Apr-25,20:54:05,1,off,0,normal
24-Apr-25,20:53:28,0,off,0,normal
24-Apr-25,20:53:28,0,off,0,normal
24-Apr-25,20:52:41,1,off,0,normal
24-Apr-25,20:52:41,1,off,0,normal
24-Apr-25,20:52:02,0,off,0,normal
24-Apr-25,20:52:02,0,off,0,normal
24-Apr-25,20:51:24,0,off,0,normal
24-Apr-25,20:51:24,0,off,0,normal
24-Apr-25,20:50:54,0,off,0,normal
24-Apr-25,20:50:54,0,off,0,normal
24-Apr-25,20:50:11,1,off,0,normal
24-Apr-25,20:50:11,1,off,0,normal
24-Apr-25,20:49:41,0,off,0,normal
24-Apr-25,20:49:41,0,off,0,normal
24-Apr-25,20:48:43,0,off,0,normal
24-Apr-25,20:48:43,0,off,0,normal
24-Apr-25,20:48:03,1,off,0,normal
24-Apr-25,20:48:03,1,off,0,normal
24-Apr-25,20:47:06,0,off,0,normal
24-Apr-25,20:47:06,0,off,0,normal
24-Apr-25,20:46:21,0,off,0,normal
24-Apr-25,20:46:21,0,off,0,normal
24-Apr-25,20:45:47,1,off,0,normal
24-Apr-25,20:45:47,1,off,0,normal
24-Apr-25,20:44:55,0,off,0,normal
24-Apr-25,20:44:55,0,off,0,normal
24-Apr-25,20:44:08,0,off,0,normal
24-Apr-25,20:44:08,0,off,0,normal
24-Apr-25,20:43:16,1,off,0,normal
24-Apr-25,20:43:16,1,off,0,normal
24-Apr-25,20:42:27,1,off,0,normal
24-Apr-25,20:42:27,1,off,0,normal
24-Apr-25,20:41:46,1,off,0,normal
24-Apr-25,20:41:46,1,off,0,normal
24-Apr-25,20:41:01,0,off,0,normal
24-Apr-25,20:41:01,0,off,0,normal
24-Apr-25,20:40:28,0,off,0,normal
24-Apr-25,20:40:28,0,off,0,normal
24-Apr-25,20:39:55,0,off,0,normal
24-Apr-25,20:39:55,0,off,0,normal
24-Apr-25,20:39:09,1,off,0,normal
24-Apr-25,20:39:09,1,off,0,normal
24-Apr-25,20:38:29,1,off,0,normal
24-Apr-25,20:38:29,1,off,0,normal
24-Apr-25,20:37:54,1,off,0,normal
24-Apr-25,20:37:54,1,off,0,normal
24-Apr-25,20:37:01,0,off,0,normal
24-Apr-25,20:37:01,0,off,0,normal
24-Apr-25,20:36:05,0,off,0,normal
24-Apr-25,20:36:05,0,off,0,normal
24-Apr-25,20:35:05,1,off,0,normal
24-Apr-25,20:35:05,1,off,0,normal
24-Apr-25,20:34:20,1,off,0,normal
24-Apr-25,20:34:20,1,off,0,normal
24-Apr-25,20:33:44,0,off,0,normal
24-Apr-25,20:33:44,0,off,0,normal
24-Apr-25,20:33:02,0,off,0,normal
24-Apr-25,20:33:02,0,off,0,normal
24-Apr-25,20:26:21,1,off,0,normal
24-Apr-25,20:26:21,1,off,0,normal
24-Apr-25,20:25:35,1,off,0,normal
24-Apr-25,20:25:35,1,off,0,normal
24-Apr-25,20:24:41,1,off,0,normal
24-Apr-25,20:24:41,1,off,0,normal
24-Apr-25,20:24:01,0,off,0,normal
24-Apr-25,20:24:01,0,off,0,normal
24-Apr-25,20:23:22,1,off,0,normal
24-Apr-25,20:23:22,1,off,0,normal
24-Apr-25,20:22:48,0,off,0,normal
24-Apr-25,20:22:48,0,off,0,normal
24-Apr-25,20:21:51,1,off,0,normal
24-Apr-25,20:21:51,1,off,0,normal
24-Apr-25,20:21:03,0,off,0,normal
24-Apr-25,20:21:03,0,off,0,normal
24-Apr-25,20:20:04,0,off,0,normal
24-Apr-25,20:20:04,0,off,0,normal
24-Apr-25,20:19:04,1,off,0,normal
24-Apr-25,20:19:04,1,off,0,normal
24-Apr-25,20:18:09,0,off,0,normal
24-Apr-25,20:18:09,0,off,0,normal
24-Apr-25,20:17:24,0,off,0,normal
24-Apr-25,20:17:24,0,off,0,normal
24-Apr-25,20:16:50,0,off,0,normal
24-Apr-25,20:16:50,0,off,0,normal
24-Apr-25,20:15:58,1,off,0,normal
24-Apr-25,20:15:58,1,off,0,normal
24-Apr-25,20:15:03,1,off,0,normal
24-Apr-25,20:15:03,1,off,0,normal
24-Apr-25,20:14:22,0,off,0,normal
24-Apr-25,20:14:22,0,off,0,normal
24-Apr-25,20:13:51,1,off,0,normal
24-Apr-25,20:13:51,1,off,0,normal
24-Apr-25,20:13:17,1,off,0,normal
24-Apr-25,20:13:17,1,off,0,normal
24-Apr-25,20:12:46,1,off,0,normal
24-Apr-25,20:12:46,1,off,0,normal
24-Apr-25,20:11:46,1,off,0,normal
24-Apr-25,20:11:46,1,off,0,normal
24-Apr-25,20:11:08,1,off,0,normal
24-Apr-25,20:11:08,1,off,0,normal
24-Apr-25,20:10:09,0,off,0,normal
24-Apr-25,20:10:09,0,off,0,normal
24-Apr-25,20:09:18,0,off,0,normal
24-Apr-25,20:09:18,0,off,0,normal
24-Apr-25,20:08:19,1,off,0,normal
24-Apr-25,20:08:19,1,off,0,normal
24-Apr-25,20:07:41,1,off,0,normal
24-Apr-25,20:07:41,1,off,0,normal
24-Apr-25,20:06:58,1,off,0,normal
24-Apr-25,20:06:58,1,off,0,normal
24-Apr-25,20:05:58,0,off,0,normal
24-Apr-25,20:05:58,0,off,0,normal
24-Apr-25,20:05:10,0,off,0,normal
24-Apr-25,20:05:10,0,off,0,normal
24-Apr-25,20:04:27,1,off,0,normal
24-Apr-25,20:04:27,1,off,0,normal
24-Apr-25,20:03:53,0,off,0,normal
24-Apr-25,20:03:53,0,off,0,normal
24-Apr-25,20:03:06,0,off,0,normal
24-Apr-25,20:03:06,0,off,0,normal
24-Apr-25,20:02:17,0,off,0,normal
24-Apr-25,20:02:17,0,off,0,normal
24-Apr-25,20:01:22,1,off,0,normal
24-Apr-25,20:01:22,1,off,0,normal
24-Apr-25,20:00:40,0,off,0,normal
24-Apr-25,20:00:40,0,off,0,normal
24-Apr-25,19:59:47,0,off,0,normal
24-Apr-25,19:59:47,0,off,0,normal
24-Apr-25,19:58:48,0,off,0,normal
24-Apr-25,19:58:48,0,off,0,normal
24-Apr-25,19:57:50,0,off,0,normal
24-Apr-25,19:57:50,0,off,0,normal
24-Apr-25,19:56:58,0,off,0,normal
24-Apr-25,19:56:58,0,off,0,normal
24-Apr-25,19:56:06,1,off,0,normal
24-Apr-25,19:56:06,1,off,0,normal
24-Apr-25,19:55:31,0,off,0,normal
24-Apr-25,19:55:31,0,off,0,normal
24-Apr-25,19:54:58,1,off,0,normal
24-Apr-25,19:54:58,1,off,0,normal
24-Apr-25,19:54:24,1,off,0,normal
24-Apr-25,19:54:24,1,off,0,normal
24-Apr-25,19:53:50,1,off,0,normal
24-Apr-25,19:53:50,1,off,0,normal
24-Apr-25,19:52:51,0,off,0,normal
24-Apr-25,19:52:51,0,off,0,normal
24-Apr-25,19:52:05,0,off,0,normal
24-Apr-25,19:52:05,0,off,0,normal
24-Apr-25,19:51:24,1,off,0,normal
24-Apr-25,19:51:24,1,off,0,normal
24-Apr-25,19:50:51,0,off,0,normal
24-Apr-25,19:50:51,0,off,0,normal
24-Apr-25,19:50:17,0,off,0,normal
24-Apr-25,19:50:17,0,off,0,normal
24-Apr-25,19:49:26,1,off,0,normal
24-Apr-25,19:49:26,1,off,0,normal
24-Apr-25,19:48:26,1,off,0,normal
24-Apr-25,19:48:26,1,off,0,normal
24-Apr-25,19:47:35,1,off,0,normal
24-Apr-25,19:47:35,1,off,0,normal
24-Apr-25,19:46:52,1,off,0,normal
24-Apr-25,19:46:52,1,off,0,normal
24-Apr-25,19:46:19,0,off,0,normal
24-Apr-25,19:46:19,0,off,0,normal
24-Apr-25,19:45:20,1,off,0,normal
24-Apr-25,19:45:20,1,off,0,normal
24-Apr-25,19:44:31,0,off,0,normal
24-Apr-25,19:44:31,0,off,0,normal
24-Apr-25,19:43:56,0,off,0,normal
24-Apr-25,19:43:56,0,off,0,normal
24-Apr-25,19:43:20,0,off,0,normal
24-Apr-25,19:43:20,0,off,0,normal
24-Apr-25,19:42:22,1,off,0,normal
24-Apr-25,19:42:22,1,off,0,normal
24-Apr-25,19:41:36,1,off,0,normal
24-Apr-25,19:41:36,1,off,0,normal
24-Apr-25,19:41:04,0,off,0,normal
24-Apr-25,19:41:04,0,off,0,normal
24-Apr-25,19:40:20,1,off,0,normal
24-Apr-25,19:40:20,1,off,0,normal
24-Apr-25,19:39:20,1,off,0,normal
24-Apr-25,19:39:20,1,off,0,normal
24-Apr-25,19:38:37,0,off,0,normal
24-Apr-25,19:38:37,0,off,0,normal
24-Apr-25,19:37:52,0,off,0,normal
24-Apr-25,19:37:52,0,off,0,normal
24-Apr-25,19:37:07,0,off,0,normal
24-Apr-25,19:37:07,0,off,0,normal
24-Apr-25,19:36:09,1,off,0,normal
24-Apr-25,19:36:09,1,off,0,normal
24-Apr-25,19:35:31,1,off,0,normal
24-Apr-25,19:35:31,1,off,0,normal
24-Apr-25,19:34:56,0,off,0,normal
24-Apr-25,19:34:56,0,off,0,normal
24-Apr-25,19:33:59,0,off,0,normal
24-Apr-25,19:33:59,0,off,0,normal
24-Apr-25,19:33:01,1,off,0,normal
24-Apr-25,19:33:01,1,off,0,normal
24-Apr-25,19:32:29,0,off,0,normal
24-Apr-25,19:32:29,0,off,0,normal
24-Apr-25,19:31:36,0,off,0,normal
24-Apr-25,19:31:36,0,off,0,normal
24-Apr-25,19:30:54,1,off,0,normal
24-Apr-25,19:30:54,1,off,0,normal
24-Apr-25,19:30:11,0,off,0,normal
24-Apr-25,19:30:11,0,off,0,normal
24-Apr-25,19:29:36,0,off,0,normal
24-Apr-25,19:29:36,0,off,0,normal
24-Apr-25,19:28:55,1,off,0,normal
24-Apr-25,19:28:55,1,off,0,normal
24-Apr-25,19:28:07,0,off,0,normal
24-Apr-25,19:28:07,0,off,0,normal
24-Apr-25,19:27:08,1,off,0,normal
24-Apr-25,19:27:08,1,off,0,normal
24-Apr-25,19:26:08,0,off,0,normal
24-Apr-25,19:26:08,0,off,0,normal
24-Apr-25,19:25:30,0,off,0,normal
24-Apr-25,19:25:30,0,off,0,normal
24-Apr-25,19:24:42,0,off,0,normal
24-Apr-25,19:24:42,0,off,0,normal
24-Apr-25,19:24:02,1,off,0,normal
24-Apr-25,19:24:02,1,off,0,normal
24-Apr-25,19:23:03,0,off,0,normal
24-Apr-25,19:23:03,0,off,0,normal
24-Apr-25,19:22:31,1,off,0,normal
24-Apr-25,19:22:31,1,off,0,normal
24-Apr-25,19:21:58,0,off,0,normal
24-Apr-25,19:21:58,0,off,0,normal
24-Apr-25,19:21:26,1,off,0,normal
24-Apr-25,19:21:26,1,off,0,normal
24-Apr-25,19:20:39,0,off,0,normal
24-Apr-25,19:20:39,0,off,0,normal
24-Apr-25,19:19:41,0,off,0,normal
24-Apr-25,19:19:41,0,off,0,normal
24-Apr-25,19:19:08,1,off,0,normal
24-Apr-25,19:19:08,1,off,0,normal
24-Apr-25,19:18:12,1,off,0,normal
24-Apr-25,19:18:12,1,off,0,normal
24-Apr-25,19:17:28,1,off,0,normal
24-Apr-25,19:17:28,1,off,0,normal
24-Apr-25,19:16:56,1,off,0,normal
24-Apr-25,19:16:56,1,off,0,normal
24-Apr-25,19:16:19,0,off,0,normal
24-Apr-25,19:16:19,0,off,0,normal
24-Apr-25,19:15:22,1,off,0,normal
24-Apr-25,19:15:22,1,off,0,normal
24-Apr-25,19:14:31,1,off,0,normal
24-Apr-25,19:14:31,1,off,0,normal
24-Apr-25,19:13:41,1,off,0,normal
24-Apr-25,19:13:41,1,off,0,normal
24-Apr-25,19:13:04,1,off,0,normal
24-Apr-25,19:13:04,1,off,0,normal
24-Apr-25,19:12:12,1,off,0,normal
24-Apr-25,19:12:12,1,off,0,normal
24-Apr-25,19:11:24,1,off,0,normal
24-Apr-25,19:11:24,1,off,0,normal
24-Apr-25,19:10:34,1,off,0,normal
24-Apr-25,19:10:34,1,off,0,normal
24-Apr-25,19:09:41,1,off,0,normal
24-Apr-25,19:09:41,1,off,0,normal
24-Apr-25,19:08:45,1,off,0,normal
24-Apr-25,19:08:45,1,off,0,normal
24-Apr-25,19:07:47,0,off,0,normal
24-Apr-25,19:07:47,0,off,0,normal
24-Apr-25,19:06:50,0,off,0,normal
24-Apr-25,19:06:50,0,off,0,normal
24-Apr-25,19:05:59,0,off,0,normal
24-Apr-25,19:05:59,0,off,0,normal
24-Apr-25,19:05:11,1,off,0,normal
24-Apr-25,19:05:11,1,off,0,normal
24-Apr-25,19:04:25,1,off,0,normal
24-Apr-25,19:04:25,1,off,0,normal
24-Apr-25,19:03:37,1,off,0,normal
24-Apr-25,19:03:37,1,off,0,normal
24-Apr-25,19:02:55,1,off,0,normal
24-Apr-25,19:02:55,1,off,0,normal
24-Apr-25,19:02:01,0,off,0,normal
24-Apr-25,19:02:01,0,off,0,normal
24-Apr-25,19:01:28,0,off,0,normal
24-Apr-25,19:01:28,0,off,0,normal
24-Apr-25,19:00:36,1,off,0,normal
24-Apr-25,19:00:36,1,off,0,normal
24-Apr-25,18:59:44,1,off,0,normal
24-Apr-25,18:59:44,1,off,0,normal
24-Apr-25,18:58:53,0,off,0,normal
24-Apr-25,18:58:53,0,off,0,normal
24-Apr-25,18:58:16,1,off,0,normal
24-Apr-25,18:58:16,1,off,0,normal
24-Apr-25,18:57:18,1,off,0,normal
24-Apr-25,18:57:18,1,off,0,normal
24-Apr-25,18:56:47,0,off,0,normal
24-Apr-25,18:56:47,0,off,0,normal
24-Apr-25,18:56:06,0,off,0,normal
24-Apr-25,18:56:06,0,off,0,normal
24-Apr-25,18:55:29,1,off,0,normal
24-Apr-25,18:55:29,1,off,0,normal
24-Apr-25,18:54:50,1,off,0,normal
24-Apr-25,18:54:50,1,off,0,normal
24-Apr-25,18:53:53,1,off,0,normal
24-Apr-25,18:53:53,1,off,0,normal
24-Apr-25,18:53:04,1,off,0,normal
24-Apr-25,18:53:04,1,off,0,normal
24-Apr-25,18:52:09,0,off,0,normal
24-Apr-25,18:52:09,0,off,0,normal
24-Apr-25,18:51:20,1,off,0,normal
24-Apr-25,18:51:20,1,off,0,normal
24-Apr-25,18:50:42,1,off,0,normal
24-Apr-25,18:50:42,1,off,0,normal
24-Apr-25,18:49:46,1,off,0,normal
24-Apr-25,18:49:46,1,off,0,normal
24-Apr-25,18:49:16,0,off,0,normal
24-Apr-25,18:49:16,0,off,0,normal
24-Apr-25,18:48:44,1,off,0,normal
24-Apr-25,18:48:44,1,off,0,normal
24-Apr-25,18:47:51,0,off,0,normal
24-Apr-25,18:47:51,0,off,0,normal
24-Apr-25,18:46:58,0,off,0,normal
24-Apr-25,18:46:58,0,off,0,normal
24-Apr-25,18:46:00,0,off,0,normal
24-Apr-25,18:46:00,0,off,0,normal
24-Apr-25,18:45:15,0,off,0,normal
24-Apr-25,18:45:15,0,off,0,normal
24-Apr-25,18:44:44,0,off,0,normal
24-Apr-25,18:44:44,0,off,0,normal
24-Apr-25,18:44:03,1,off,0,normal
24-Apr-25,18:44:03,1,off,0,normal
24-Apr-25,18:43:32,1,off,0,normal
24-Apr-25,18:43:32,1,off,0,normal
24-Apr-25,18:42:56,0,off,0,normal
24-Apr-25,18:42:56,0,off,0,normal
24-Apr-25,18:42:13,1,off,0,normal
24-Apr-25,18:42:13,1,off,0,normal
24-Apr-25,18:41:30,1,off,0,normal
24-Apr-25,18:41:30,1,off,0,normal
24-Apr-25,18:41:00,1,off,0,normal
24-Apr-25,18:41:00,1,off,0,normal
24-Apr-25,18:40:28,1,off,0,normal
24-Apr-25,18:40:28,1,off,0,normal
24-Apr-25,18:39:29,0,off,0,normal
24-Apr-25,18:39:29,0,off,0,normal
24-Apr-25,18:38:42,0,off,0,normal
24-Apr-25,18:38:42,0,off,0,normal
24-Apr-25,18:37:55,1,off,0,normal
24-Apr-25,18:37:55,1,off,0,normal
24-Apr-25,18:37:00,0,off,0,normal
24-Apr-25,18:37:00,0,off,0,normal
24-Apr-25,18:36:19,0,off,0,normal
24-Apr-25,18:36:19,0,off,0,normal
24-Apr-25,18:35:48,0,off,0,normal
24-Apr-25,18:35:48,0,off,0,normal
24-Apr-25,18:35:01,1,off,0,normal
24-Apr-25,18:35:01,1,off,0,normal
24-Apr-25,18:34:07,0,off,0,normal
24-Apr-25,18:34:07,0,off,0,normal
24-Apr-25,18:33:17,0,off,0,normal
24-Apr-25,18:33:17,0,off,0,normal
24-Apr-25,18:32:40,0,off,0,normal
24-Apr-25,18:32:40,0,off,0,normal
24-Apr-25,18:31:51,0,off,0,normal
24-Apr-25,18:31:51,0,off,0,normal
24-Apr-25,18:30:58,0,off,0,normal
24-Apr-25,18:30:58,0,off,0,normal
24-Apr-25,18:30:02,0,off,0,normal
24-Apr-25,18:30:02,0,off,0,normal
24-Apr-25,18:29:18,0,off,0,normal
24-Apr-25,18:29:18,0,off,0,normal
24-Apr-25,18:28:42,1,off,0,normal
24-Apr-25,18:28:42,1,off,0,normal
24-Apr-25,18:27:58,1,off,0,normal
24-Apr-25,18:27:58,1,off,0,normal
24-Apr-25,18:27:11,0,off,0,normal
24-Apr-25,18:27:11,0,off,0,normal
24-Apr-25,18:26:14,0,off,0,normal
24-Apr-25,18:26:14,0,off,0,normal
24-Apr-25,18:25:40,1,off,0,normal
24-Apr-25,18:25:40,1,off,0,normal
24-Apr-25,18:24:56,0,off,0,normal
24-Apr-25,18:24:56,0,off,0,normal
24-Apr-25,18:24:05,1,off,0,normal
24-Apr-25,18:24:05,1,off,0,normal
24-Apr-25,18:23:07,1,off,0,normal
24-Apr-25,18:23:07,1,off,0,normal
24-Apr-25,18:22:11,0,off,0,normal
24-Apr-25,18:22:11,0,off,0,normal
24-Apr-25,18:21:33,0,off,0,normal
24-Apr-25,18:21:33,0,off,0,normal
24-Apr-25,17:52:19,0,off,0,normal
24-Apr-25,17:52:19,0,off,0,normal
24-Apr-25,17:51:44,0,off,0,normal
24-Apr-25,17:51:44,0,off,0,normal
24-Apr-25,17:51:13,1,off,0,normal
24-Apr-25,17:51:13,1,off,0,normal
24-Apr-25,17:50:43,1,off,0,normal
24-Apr-25,17:50:43,1,off,0,normal
24-Apr-25,17:49:56,0,off,0,normal
24-Apr-25,17:49:56,0,off,0,normal
24-Apr-25,17:49:12,0,off,0,normal
24-Apr-25,17:49:12,0,off,0,normal
24-Apr-25,17:48:25,0,off,0,normal
24-Apr-25,17:48:25,0,off,0,normal
24-Apr-25,17:47:42,1,off,0,normal
24-Apr-25,17:47:42,1,off,0,normal
24-Apr-25,17:46:49,0,off,0,normal
24-Apr-25,17:46:49,0,off,0,normal
24-Apr-25,17:45:57,0,off,0,normal
24-Apr-25,17:45:57,0,off,0,normal
24-Apr-25,17:45:22,0,off,0,normal
24-Apr-25,17:45:22,0,off,0,normal
24-Apr-25,17:44:22,0,off,0,normal
24-Apr-25,17:44:22,0,off,0,normal
24-Apr-25,17:43:44,1,off,0,normal
24-Apr-25,17:43:34,1,off,0,normal
24-Apr-25,17:43:34,1,off,0,normal
24-Apr-25,17:42:43,0,off,0,normal
24-Apr-25,17:42:43,0,off,0,normal
24-Apr-25,17:42:23,1,off,0,normal
24-Apr-25,17:41:49,0,off,0,normal
24-Apr-25,17:41:49,0,off,0,normal
24-Apr-25,17:41:20,1,off,0,normal
24-Apr-25,17:41:20,1,off,0,normal
24-Apr-25,17:15:46,0,off,0,normal
24-Apr-25,17:15:46,0,off,0,normal
24-Apr-25,17:15:14,1,off,0,normal
24-Apr-25,17:15:14,1,off,0,normal
24-Apr-25,17:14:44,1,off,0,normal
24-Apr-25,17:14:44,1,off,0,normal
24-Apr-25,17:13:53,0,off,0,normal
24-Apr-25,17:13:53,0,off,0,normal
24-Apr-25,17:13:09,0,off,0,normal
24-Apr-25,17:13:09,0,off,0,normal
24-Apr-25,17:12:13,0,off,0,normal
24-Apr-25,17:12:13,0,off,0,normal
24-Apr-25,17:11:34,1,off,0,normal
24-Apr-25,17:11:34,1,off,0,normal
24-Apr-25,17:11:02,0,off,0,normal
24-Apr-25,17:11:02,0,off,0,normal
24-Apr-25,17:10:03,1,off,0,normal
24-Apr-25,17:10:03,1,off,0,normal
24-Apr-25,17:09:09,1,off,0,normal
24-Apr-25,17:09:09,1,off,0,normal
24-Apr-25,17:08:35,0,off,0,normal
24-Apr-25,17:08:35,0,off,0,normal
24-Apr-25,17:07:35,1,off,0,normal
24-Apr-25,17:07:35,1,off,0,normal
24-Apr-25,17:07:05,1,off,0,normal
24-Apr-25,17:07:05,1,off,0,normal
24-Apr-25,17:06:33,1,off,0,normal
24-Apr-25,17:06:33,1,off,0,normal
24-Apr-25,17:05:42,1,off,0,normal
24-Apr-25,17:05:42,1,off,0,normal
24-Apr-25,17:05:09,0,off,0,normal
24-Apr-25,17:05:09,0,off,0,normal
24-Apr-25,17:04:11,0,off,0,normal
24-Apr-25,17:04:11,0,off,0,normal
24-Apr-25,17:03:25,0,off,0,normal
24-Apr-25,17:03:25,0,off,0,normal
24-Apr-25,17:02:35,0,off,0,normal
24-Apr-25,17:02:35,0,off,0,normal
24-Apr-25,17:01:55,0,off,0,normal
24-Apr-25,17:01:55,0,off,0,normal
24-Apr-25,17:01:09,0,off,0,normal
24-Apr-25,17:01:09,0,off,0,normal
24-Apr-25,17:00:36,0,off,0,normal
24-Apr-25,17:00:36,0,off,0,normal
24-Apr-25,16:59:45,0,off,0,normal
24-Apr-25,16:59:45,0,off,0,normal
24-Apr-25,16:58:56,0,off,0,normal
24-Apr-25,16:58:56,0,off,0,normal
24-Apr-25,16:58:20,1,off,0,normal
24-Apr-25,16:58:20,1,off,0,normal
24-Apr-25,16:57:27,1,off,0,normal
24-Apr-25,16:57:27,1,off,0,normal
24-Apr-25,16:56:43,1,off,0,normal
24-Apr-25,16:56:43,1,off,0,normal
24-Apr-25,16:55:47,1,off,0,normal
24-Apr-25,16:55:47,1,off,0,normal
24-Apr-25,16:54:51,1,off,0,normal
24-Apr-25,16:54:51,1,off,0,normal
24-Apr-25,16:54:07,0,off,0,normal
24-Apr-25,16:54:07,0,off,0,normal
24-Apr-25,16:53:09,0,off,0,normal
24-Apr-25,16:53:09,0,off,0,normal
24-Apr-25,16:52:29,0,off,0,normal
24-Apr-25,16:52:29,0,off,0,normal
24-Apr-25,16:51:50,0,off,0,normal
24-Apr-25,16:51:50,0,off,0,normal
24-Apr-25,16:50:54,0,off,0,normal
24-Apr-25,16:50:54,0,off,0,normal
24-Apr-25,16:50:15,1,off,0,normal
24-Apr-25,16:50:15,1,off,0,normal
24-Apr-25,16:49:38,1,off,0,normal
24-Apr-25,16:49:38,1,off,0,normal
24-Apr-25,16:48:58,1,off,0,normal
24-Apr-25,16:48:58,1,off,0,normal
24-Apr-25,16:48:01,0,off,0,normal
24-Apr-25,16:48:01,0,off,0,normal
24-Apr-25,16:47:24,1,off,0,normal
24-Apr-25,16:47:24,1,off,0,normal
24-Apr-25,16:46:47,1,off,0,normal
24-Apr-25,16:46:47,1,off,0,normal
24-Apr-25,16:46:03,1,off,0,normal
24-Apr-25,16:46:03,1,off,0,normal
24-Apr-25,16:45:12,0,off,0,normal
24-Apr-25,16:45:12,0,off,0,normal
24-Apr-25,16:44:15,0,off,0,normal
24-Apr-25,16:44:15,0,off,0,normal
24-Apr-25,16:43:39,0,off,0,normal
24-Apr-25,16:43:39,0,off,0,normal
24-Apr-25,16:42:56,1,off,0,normal
24-Apr-25,16:42:56,1,off,0,normal
24-Apr-25,16:41:56,0,off,0,normal
24-Apr-25,16:41:56,0,off,0,normal
24-Apr-25,16:41:21,1,off,0,normal
24-Apr-25,16:41:21,1,off,0,normal
24-Apr-25,16:40:51,0,off,0,normal
24-Apr-25,16:40:51,0,off,0,normal
24-Apr-25,16:39:55,1,off,0,normal
24-Apr-25,16:39:55,1,off,0,normal
24-Apr-25,16:38:55,1,off,0,normal
24-Apr-25,16:38:55,1,off,0,normal
24-Apr-25,16:38:06,0,off,0,normal
24-Apr-25,16:38:06,0,off,0,normal
24-Apr-25,16:37:13,1,off,0,normal
24-Apr-25,16:37:13,1,off,0,normal
24-Apr-25,16:36:41,0,off,0,normal
24-Apr-25,16:36:41,0,off,0,normal
24-Apr-25,16:35:49,0,off,0,normal
24-Apr-25,16:35:49,0,off,0,normal
24-Apr-25,16:35:00,0,off,0,normal
24-Apr-25,16:35:00,0,off,0,normal
24-Apr-25,16:34:08,0,off,0,normal
24-Apr-25,16:34:08,0,off,0,normal
24-Apr-25,16:33:14,0,off,0,normal
24-Apr-25,16:33:14,0,off,0,normal
24-Apr-25,16:32:38,1,off,0,normal
24-Apr-25,16:32:38,1,off,0,normal
24-Apr-25,16:31:41,1,off,0,normal
24-Apr-25,16:31:41,1,off,0,normal
24-Apr-25,16:30:43,1,off,0,normal
24-Apr-25,16:30:43,1,off,0,normal
24-Apr-25,16:30:01,0,off,0,normal
24-Apr-25,16:30:01,0,off,0,normal
24-Apr-25,16:29:31,1,off,0,normal
24-Apr-25,16:29:31,1,off,0,normal
24-Apr-25,16:28:52,1,off,0,normal
24-Apr-25,16:28:52,1,off,0,normal
24-Apr-25,16:27:55,1,off,0,normal
24-Apr-25,16:27:55,1,off,0,normal
24-Apr-25,16:26:59,0,off,0,normal
24-Apr-25,16:26:59,0,off,0,normal
24-Apr-25,16:26:28,0,off,0,normal
24-Apr-25,16:26:28,0,off,0,normal
24-Apr-25,16:25:58,0,off,0,normal
24-Apr-25,16:25:58,0,off,0,normal
24-Apr-25,16:25:19,0,off,0,normal
24-Apr-25,16:25:19,0,off,0,normal
24-Apr-25,16:24:19,0,off,0,normal
24-Apr-25,16:24:19,0,off,0,normal
24-Apr-25,16:23:40,0,off,0,normal
24-Apr-25,16:23:40,0,off,0,normal
24-Apr-25,16:22:59,1,off,0,normal
24-Apr-25,16:22:59,1,off,0,normal
24-Apr-25,16:22:08,1,off,0,normal
24-Apr-25,16:22:08,1,off,0,normal
24-Apr-25,16:21:25,0,off,0,normal
24-Apr-25,16:21:25,0,off,0,normal
24-Apr-25,16:20:51,1,off,0,normal
24-Apr-25,16:20:51,1,off,0,normal
24-Apr-25,16:20:09,0,off,0,normal
24-Apr-25,16:20:09,0,off,0,normal
24-Apr-25,16:19:22,1,off,0,normal
24-Apr-25,16:19:22,1,off,0,normal
24-Apr-25,16:18:46,1,off,0,normal
24-Apr-25,16:18:46,1,off,0,normal
24-Apr-25,16:17:57,1,off,0,normal
24-Apr-25,16:17:57,1,off,0,normal
24-Apr-25,16:17:02,0,off,0,normal
24-Apr-25,16:17:02,0,off,0,normal
24-Apr-25,16:16:15,0,off,0,normal
24-Apr-25,16:16:15,0,off,0,normal
24-Apr-25,16:15:32,0,off,0,normal
24-Apr-25,16:15:32,0,off,0,normal
24-Apr-25,16:14:46,1,off,0,normal
24-Apr-25,16:14:46,1,off,0,normal
24-Apr-25,16:14:03,0,off,0,normal
24-Apr-25,16:14:03,0,off,0,normal
24-Apr-25,16:13:03,0,off,0,normal
24-Apr-25,16:13:03,0,off,0,normal
24-Apr-25,16:12:08,1,off,0,normal
24-Apr-25,16:12:08,1,off,0,normal
24-Apr-25,16:11:17,0,off,0,normal
24-Apr-25,16:11:17,0,off,0,normal
24-Apr-25,16:10:23,1,off,0,normal
24-Apr-25,16:10:23,1,off,0,normal
24-Apr-25,16:09:43,0,off,0,normal
24-Apr-25,16:09:43,0,off,0,normal
24-Apr-25,16:09:03,0,off,0,normal
24-Apr-25,16:09:03,0,off,0,normal
24-Apr-25,16:08:22,0,off,0,normal
24-Apr-25,16:08:22,0,off,0,normal
24-Apr-25,16:07:37,1,off,0,normal
24-Apr-25,16:07:37,1,off,0,normal
24-Apr-25,16:07:00,1,off,0,normal
24-Apr-25,16:07:00,1,off,0,normal
24-Apr-25,16:06:21,1,off,0,normal
24-Apr-25,16:06:21,1,off,0,normal
24-Apr-25,16:05:29,0,off,0,normal
24-Apr-25,16:05:29,0,off,0,normal
24-Apr-25,16:04:52,1,off,0,normal
24-Apr-25,16:04:52,1,off,0,normal
24-Apr-25,16:04:22,0,off,0,normal
24-Apr-25,16:04:22,0,off,0,normal
24-Apr-25,16:03:46,0,off,0,normal
24-Apr-25,16:03:46,0,off,0,normal
24-Apr-25,16:02:52,0,off,0,normal
24-Apr-25,16:02:52,0,off,0,normal
24-Apr-25,16:01:58,1,off,0,normal
24-Apr-25,16:01:58,1,off,0,normal
24-Apr-25,16:01:13,0,off,0,normal
24-Apr-25,16:01:13,0,off,0,normal
24-Apr-25,16:00:32,0,off,0,normal
24-Apr-25,16:00:32,0,off,0,normal
24-Apr-25,15:59:42,1,off,0,normal
24-Apr-25,15:59:42,1,off,0,normal
24-Apr-25,15:58:48,1,off,0,normal
24-Apr-25,15:58:48,1,off,0,normal
24-Apr-25,15:58:03,0,off,0,normal
24-Apr-25,15:58:03,0,off,0,normal
24-Apr-25,15:57:09,1,off,0,normal
24-Apr-25,15:57:09,1,off,0,normal
24-Apr-25,15:56:24,1,off,0,normal
24-Apr-25,15:56:24,1,off,0,normal
24-Apr-25,15:55:30,1,off,0,normal
24-Apr-25,15:55:30,1,off,0,normal
24-Apr-25,15:54:31,1,off,0,normal
24-Apr-25,15:54:31,1,off,0,normal
24-Apr-25,15:53:35,0,off,0,normal
24-Apr-25,15:53:35,0,off,0,normal
24-Apr-25,15:52:53,0,off,0,normal
24-Apr-25,15:52:53,0,off,0,normal
24-Apr-25,15:52:12,1,off,0,normal
24-Apr-25,15:52:12,1,off,0,normal
24-Apr-25,15:51:34,0,off,0,normal
24-Apr-25,15:51:34,0,off,0,normal
24-Apr-25,15:50:36,1,off,0,normal
24-Apr-25,15:50:36,1,off,0,normal
24-Apr-25,15:49:53,1,off,0,normal
24-Apr-25,15:49:53,1,off,0,normal
24-Apr-25,15:49:03,1,off,0,normal
24-Apr-25,15:49:03,1,off,0,normal
24-Apr-25,15:48:13,0,off,0,normal
24-Apr-25,15:48:13,0,off,0,normal
24-Apr-25,15:47:22,0,off,0,normal
24-Apr-25,15:47:22,0,off,0,normal
24-Apr-25,15:46:48,1,off,0,normal
24-Apr-25,15:46:48,1,off,0,normal
24-Apr-25,15:45:54,0,off,0,normal
24-Apr-25,15:45:54,0,off,0,normal
24-Apr-25,15:45:02,0,off,0,normal
24-Apr-25,15:45:02,0,off,0,normal
24-Apr-25,15:44:07,0,off,0,normal
24-Apr-25,15:44:07,0,off,0,normal
24-Apr-25,15:43:14,1,off,0,normal
24-Apr-25,15:43:14,1,off,0,normal
24-Apr-25,15:42:22,1,off,0,normal
24-Apr-25,15:42:22,1,off,0,normal
24-Apr-25,15:41:28,1,off,0,normal
24-Apr-25,15:41:28,1,off,0,normal
24-Apr-25,15:40:43,0,off,0,normal
24-Apr-25,15:40:43,0,off,0,normal
24-Apr-25,15:39:52,0,off,0,normal
24-Apr-25,15:39:52,0,off,0,normal
24-Apr-25,15:39:16,1,off,0,normal
24-Apr-25,15:39:16,1,off,0,normal
24-Apr-25,15:38:26,0,off,0,normal
24-Apr-25,15:38:26,0,off,0,normal
24-Apr-25,15:37:28,1,off,0,normal
24-Apr-25,15:37:28,1,off,0,normal
24-Apr-25,15:36:54,1,off,0,normal
24-Apr-25,15:36:54,1,off,0,normal
24-Apr-25,15:36:17,1,off,0,normal
24-Apr-25,15:36:17,1,off,0,normal
24-Apr-25,15:35:30,0,off,0,normal
24-Apr-25,15:35:30,0,off,0,normal
24-Apr-25,15:34:48,0,off,0,normal
24-Apr-25,15:34:48,0,off,0,normal
24-Apr-25,15:34:01,0,off,0,normal
24-Apr-25,15:34:01,0,off,0,normal
24-Apr-25,15:33:10,1,off,0,normal
24-Apr-25,15:33:10,1,off,0,normal
24-Apr-25,15:32:31,1,off,0,normal
24-Apr-25,15:32:31,1,off,0,normal
24-Apr-25,15:31:56,1,off,0,normal
24-Apr-25,15:31:56,1,off,0,normal
24-Apr-25,15:31:08,1,off,0,normal
24-Apr-25,15:31:08,1,off,0,normal
24-Apr-25,15:30:13,0,off,0,normal
24-Apr-25,15:30:13,0,off,0,normal
24-Apr-25,15:29:18,0,off,0,normal
24-Apr-25,15:29:18,0,off,0,normal
24-Apr-25,15:28:48,1,off,0,normal
24-Apr-25,15:28:48,1,off,0,normal
24-Apr-25,15:28:01,1,off,0,normal
24-Apr-25,15:28:01,1,off,0,normal
24-Apr-25,15:27:12,1,off,0,normal
24-Apr-25,15:27:12,1,off,0,normal
24-Apr-25,15:26:33,0,off,0,normal
24-Apr-25,15:26:33,0,off,0,normal
24-Apr-25,15:26:02,0,off,0,normal
24-Apr-25,15:26:02,0,off,0,normal
24-Apr-25,15:25:02,1,off,0,normal
24-Apr-25,15:25:02,1,off,0,normal
24-Apr-25,15:24:02,0,off,0,normal
24-Apr-25,15:24:02,0,off,0,normal
24-Apr-25,15:23:08,1,off,0,normal
24-Apr-25,15:23:08,1,off,0,normal
24-Apr-25,15:22:24,0,off,0,normal
24-Apr-25,15:22:24,0,off,0,normal
24-Apr-25,15:21:42,0,off,0,normal
24-Apr-25,15:21:42,0,off,0,normal
24-Apr-25,15:20:50,0,off,0,normal
24-Apr-25,15:20:50,0,off,0,normal
24-Apr-25,15:19:58,0,off,0,normal
24-Apr-25,15:19:58,0,off,0,normal
24-Apr-25,15:19:28,1,off,0,normal
24-Apr-25,15:19:28,1,off,0,normal
24-Apr-25,15:18:58,0,off,0,normal
24-Apr-25,15:18:58,0,off,0,normal
24-Apr-25,15:18:06,0,off,0,normal
24-Apr-25,15:18:06,0,off,0,normal
24-Apr-25,15:17:29,1,off,0,normal
24-Apr-25,15:17:29,1,off,0,normal
24-Apr-25,15:16:47,0,off,0,normal
24-Apr-25,15:16:47,0,off,0,normal
24-Apr-25,15:16:12,1,off,0,normal
24-Apr-25,15:16:12,1,off,0,normal
24-Apr-25,15:15:25,0,off,0,normal
24-Apr-25,15:15:25,0,off,0,normal
24-Apr-25,15:14:36,1,off,0,normal
24-Apr-25,15:14:36,1,off,0,normal
24-Apr-25,15:14:01,1,off,0,normal
24-Apr-25,15:14:01,1,off,0,normal
24-Apr-25,15:13:15,0,off,0,normal
24-Apr-25,15:13:15,0,off,0,normal
24-Apr-25,15:12:15,1,off,0,normal
24-Apr-25,15:12:15,1,off,0,normal
24-Apr-25,15:11:21,0,off,0,normal
24-Apr-25,15:11:21,0,off,0,normal
24-Apr-25,15:10:27,1,off,0,normal
24-Apr-25,15:10:27,1,off,0,normal
24-Apr-25,15:09:48,1,off,0,normal
24-Apr-25,15:09:48,1,off,0,normal
24-Apr-25,15:09:05,0,off,0,normal
24-Apr-25,15:09:05,0,off,0,normal
24-Apr-25,15:08:13,0,off,0,normal
24-Apr-25,15:08:13,0,off,0,normal
24-Apr-25,15:07:25,0,off,0,normal
24-Apr-25,15:07:25,0,off,0,normal
24-Apr-25,15:06:28,0,off,0,normal
24-Apr-25,15:06:28,0,off,0,normal
24-Apr-25,15:05:32,0,off,0,normal
24-Apr-25,15:05:32,0,off,0,normal
24-Apr-25,15:04:59,1,off,0,normal
24-Apr-25,15:04:59,1,off,0,normal
24-Apr-25,15:04:08,1,off,0,normal
24-Apr-25,15:04:08,1,off,0,normal
24-Apr-25,15:03:33,0,off,0,normal
24-Apr-25,15:03:33,0,off,0,normal
24-Apr-25,15:02:57,1,off,0,normal
24-Apr-25,15:02:57,1,off,0,normal
24-Apr-25,15:02:24,1,off,0,normal
24-Apr-25,15:02:24,1,off,0,normal
24-Apr-25,15:01:31,0,off,0,normal
24-Apr-25,15:01:31,0,off,0,normal
24-Apr-25,15:00:50,1,off,0,normal
24-Apr-25,15:00:50,1,off,0,normal
24-Apr-25,15:00:14,1,off,0,normal
24-Apr-25,15:00:14,1,off,0,normal
24-Apr-25,14:59:25,1,off,0,normal
24-Apr-25,14:59:25,1,off,0,normal
24-Apr-25,14:58:43,0,off,0,normal
24-Apr-25,14:58:43,0,off,0,normal
24-Apr-25,14:57:47,1,off,0,normal
24-Apr-25,14:57:47,1,off,0,normal
24-Apr-25,14:57:08,1,off,0,normal
24-Apr-25,14:57:08,1,off,0,normal
24-Apr-25,14:56:08,1,off,0,normal
24-Apr-25,14:56:08,1,off,0,normal
24-Apr-25,14:55:21,0,off,0,normal
24-Apr-25,14:55:21,0,off,0,normal
24-Apr-25,14:54:50,1,off,0,normal
24-Apr-25,14:54:50,1,off,0,normal
24-Apr-25,14:54:10,1,off,0,normal
24-Apr-25,14:54:10,1,off,0,normal
24-Apr-25,14:53:33,0,off,0,normal
24-Apr-25,14:53:33,0,off,0,normal
24-Apr-25,14:52:41,1,off,0,normal
24-Apr-25,14:52:41,1,off,0,normal
24-Apr-25,14:52:22,1,off,0,normal
24-Apr-25,14:52:22,1,off,0,normal
24-Apr-25,14:51:30,1,off,0,normal
24-Apr-25,14:51:30,1,off,0,normal
24-Apr-25,14:50:50,0,off,0,normal
24-Apr-25,14:50:50,0,off,0,normal
24-Apr-25,14:50:08,0,off,0,normal
24-Apr-25,14:50:08,0,off,0,normal
24-Apr-25,14:49:09,0,off,0,normal
24-Apr-25,14:49:09,0,off,0,normal
24-Apr-25,00:03:43,1,off,0,normal
24-Apr-25,00:03:43,1,off,0,normal
24-Apr-25,00:02:58,1,off,0,normal
24-Apr-25,00:02:58,1,off,0,normal
24-Apr-25,00:01:58,1,off,0,normal
24-Apr-25,00:01:58,1,off,0,normal
24-Apr-25,00:01:11,0,off,0,normal
24-Apr-25,00:01:11,0,off,0,normal
24-Apr-25,00:00:33,0,off,0,normal
24-Apr-25,00:00:33,0,off,0,normal
23-Apr-25,23:59:46,1,off,0,normal
23-Apr-25,23:59:46,1,off,0,normal
23-Apr-25,23:58:49,1,off,0,normal
23-Apr-25,23:58:49,1,off,0,normal
23-Apr-25,23:57:53,0,off,0,normal
23-Apr-25,23:57:53,0,off,0,normal
23-Apr-25,23:56:53,1,off,0,normal
23-Apr-25,23:56:53,1,off,0,normal
23-Apr-25,23:56:07,0,off,0,normal
23-Apr-25,23:56:07,0,off,0,normal
23-Apr-25,23:55:26,0,off,0,normal
23-Apr-25,23:55:26,0,off,0,normal
23-Apr-25,23:54:40,1,off,0,normal
23-Apr-25,23:54:40,1,off,0,normal
23-Apr-25,23:53:53,0,off,0,normal
23-Apr-25,23:53:53,0,off,0,normal
23-Apr-25,23:53:19,1,off,0,normal
23-Apr-25,23:53:19,1,off,0,normal
23-Apr-25,23:52:42,0,off,0,normal
23-Apr-25,23:52:42,0,off,0,normal
23-Apr-25,23:51:43,0,off,0,normal
23-Apr-25,23:51:43,0,off,0,normal
23-Apr-25,23:50:58,1,off,0,normal
23-Apr-25,23:50:58,1,off,0,normal
23-Apr-25,23:50:22,0,off,0,normal
23-Apr-25,23:50:22,0,off,0,normal
23-Apr-25,23:49:32,1,off,0,normal
23-Apr-25,23:49:32,1,off,0,normal
23-Apr-25,23:48:51,0,off,0,normal
23-Apr-25,23:48:51,0,off,0,normal
23-Apr-25,23:47:59,1,off,0,normal
23-Apr-25,23:47:59,1,off,0,normal
23-Apr-25,23:47:14,0,off,0,normal
23-Apr-25,23:47:14,0,off,0,normal
23-Apr-25,23:46:15,1,off,0,normal
23-Apr-25,23:46:15,1,off,0,normal
23-Apr-25,23:45:42,1,off,0,normal
23-Apr-25,23:45:42,1,off,0,normal
23-Apr-25,23:45:02,0,off,0,normal
23-Apr-25,23:45:02,0,off,0,normal
23-Apr-25,23:44:13,0,off,0,normal
23-Apr-25,23:44:13,0,off,0,normal
23-Apr-25,23:43:19,1,off,0,normal
23-Apr-25,23:43:19,1,off,0,normal
23-Apr-25,23:42:31,1,off,0,normal
23-Apr-25,23:42:31,1,off,0,normal
23-Apr-25,23:41:31,0,off,0,normal
23-Apr-25,23:41:31,0,off,0,normal
23-Apr-25,23:40:43,1,off,0,normal
23-Apr-25,23:40:43,1,off,0,normal
23-Apr-25,23:40:02,0,off,0,normal
23-Apr-25,23:40:02,0,off,0,normal
23-Apr-25,23:39:16,1,off,0,normal
23-Apr-25,23:39:16,1,off,0,normal
23-Apr-25,23:38:32,0,off,0,normal
23-Apr-25,23:38:32,0,off,0,normal
23-Apr-25,23:37:57,0,off,0,normal
23-Apr-25,23:37:57,0,off,0,normal
23-Apr-25,23:37:15,0,off,0,normal
23-Apr-25,23:37:15,0,off,0,normal
23-Apr-25,23:36:31,0,off,0,normal
23-Apr-25,23:36:31,0,off,0,normal
23-Apr-25,23:35:35,1,off,0,normal
23-Apr-25,23:35:35,1,off,0,normal
23-Apr-25,23:35:00,1,off,0,normal
23-Apr-25,23:35:00,1,off,0,normal
23-Apr-25,23:34:02,0,off,0,normal
23-Apr-25,23:34:02,0,off,0,normal
23-Apr-25,23:33:21,1,off,0,normal
23-Apr-25,23:33:21,1,off,0,normal
23-Apr-25,23:32:22,0,off,0,normal
23-Apr-25,23:32:22,0,off,0,normal
23-Apr-25,23:31:28,0,off,0,normal
23-Apr-25,23:31:28,0,off,0,normal
23-Apr-25,23:30:44,0,off,0,normal
23-Apr-25,23:30:44,0,off,0,normal
23-Apr-25,23:29:56,0,off,0,normal
23-Apr-25,23:29:56,0,off,0,normal
23-Apr-25,23:28:59,0,off,0,normal
23-Apr-25,23:28:59,0,off,0,normal
23-Apr-25,23:28:11,0,off,0,normal
23-Apr-25,23:28:11,0,off,0,normal
23-Apr-25,23:27:36,1,off,0,normal
23-Apr-25,23:27:36,1,off,0,normal
23-Apr-25,23:26:47,0,off,0,normal
23-Apr-25,23:26:47,0,off,0,normal
23-Apr-25,23:25:59,1,off,0,normal
23-Apr-25,23:25:59,1,off,0,normal
23-Apr-25,23:25:26,1,off,0,normal
23-Apr-25,23:25:26,1,off,0,normal
23-Apr-25,23:24:44,1,off,0,normal
23-Apr-25,23:24:44,1,off,0,normal
23-Apr-25,23:23:57,1,off,0,normal
23-Apr-25,23:23:57,1,off,0,normal
23-Apr-25,23:23:15,0,off,0,normal
23-Apr-25,23:23:15,0,off,0,normal
23-Apr-25,23:22:25,1,off,0,normal
23-Apr-25,23:22:25,1,off,0,normal
23-Apr-25,23:21:37,1,off,0,normal
23-Apr-25,23:21:37,1,off,0,normal
23-Apr-25,23:20:38,1,off,0,normal
23-Apr-25,23:20:38,1,off,0,normal
23-Apr-25,23:19:50,1,off,0,normal
23-Apr-25,23:19:50,1,off,0,normal
23-Apr-25,23:19:09,0,off,0,normal
23-Apr-25,23:19:09,0,off,0,normal
23-Apr-25,23:18:32,1,off,0,normal
23-Apr-25,23:18:32,1,off,0,normal
23-Apr-25,23:17:54,1,off,0,normal
23-Apr-25,23:17:54,1,off,0,normal
23-Apr-25,23:16:54,1,off,0,normal
23-Apr-25,23:16:54,1,off,0,normal
23-Apr-25,23:15:54,1,off,0,normal
23-Apr-25,23:15:54,1,off,0,normal
23-Apr-25,23:14:54,1,off,0,normal
23-Apr-25,23:14:54,1,off,0,normal
23-Apr-25,23:14:06,1,off,0,normal
23-Apr-25,23:14:06,1,off,0,normal
23-Apr-25,23:13:14,0,off,0,normal
23-Apr-25,23:13:14,0,off,0,normal
23-Apr-25,23:12:41,0,off,0,normal
23-Apr-25,23:12:41,0,off,0,normal
23-Apr-25,23:11:47,0,off,0,normal
23-Apr-25,23:11:47,0,off,0,normal
23-Apr-25,23:11:11,0,off,0,normal
23-Apr-25,23:11:11,0,off,0,normal
23-Apr-25,23:10:21,1,off,0,normal
23-Apr-25,23:10:21,1,off,0,normal
23-Apr-25,23:09:32,0,off,0,normal
23-Apr-25,23:09:32,0,off,0,normal
23-Apr-25,23:08:54,0,off,0,normal
23-Apr-25,23:08:54,0,off,0,normal
23-Apr-25,23:08:24,0,off,0,normal
23-Apr-25,23:08:24,0,off,0,normal
23-Apr-25,23:07:34,1,off,0,normal
23-Apr-25,23:07:34,1,off,0,normal
23-Apr-25,23:06:36,1,off,0,normal
23-Apr-25,23:06:36,1,off,0,normal
23-Apr-25,23:05:43,1,off,0,normal
23-Apr-25,23:05:43,1,off,0,normal
23-Apr-25,23:05:06,0,off,0,normal
23-Apr-25,23:05:06,0,off,0,normal
23-Apr-25,23:04:18,0,off,0,normal
23-Apr-25,23:04:18,0,off,0,normal
23-Apr-25,23:03:41,1,off,0,normal
23-Apr-25,23:03:41,1,off,0,normal
23-Apr-25,23:03:07,0,off,0,normal
23-Apr-25,23:03:07,0,off,0,normal
23-Apr-25,23:02:34,1,off,0,normal
23-Apr-25,23:02:34,1,off,0,normal
23-Apr-25,23:01:57,1,off,0,normal
23-Apr-25,23:01:57,1,off,0,normal
23-Apr-25,23:01:10,0,off,0,normal
23-Apr-25,23:01:10,0,off,0,normal
23-Apr-25,23:00:25,1,off,0,normal
23-Apr-25,23:00:25,1,off,0,normal
23-Apr-25,22:59:37,0,off,0,normal
23-Apr-25,22:59:37,0,off,0,normal
23-Apr-25,22:58:47,1,off,0,normal
23-Apr-25,22:58:47,1,off,0,normal
23-Apr-25,22:57:53,0,off,0,normal
23-Apr-25,22:57:53,0,off,0,normal
23-Apr-25,22:57:23,1,off,0,normal
23-Apr-25,22:57:23,1,off,0,normal
23-Apr-25,22:56:31,1,off,0,normal
23-Apr-25,22:56:31,1,off,0,normal
23-Apr-25,22:55:35,1,off,0,normal
23-Apr-25,22:55:35,1,off,0,normal
23-Apr-25,22:54:39,0,off,0,normal
23-Apr-25,22:54:39,0,off,0,normal
23-Apr-25,22:53:41,0,off,0,normal
23-Apr-25,22:53:41,0,off,0,normal
23-Apr-25,22:52:41,0,off,0,normal
23-Apr-25,22:52:41,0,off,0,normal
23-Apr-25,22:52:05,1,off,0,normal
23-Apr-25,22:52:05,1,off,0,normal
23-Apr-25,22:51:27,1,off,0,normal
23-Apr-25,22:51:27,1,off,0,normal
23-Apr-25,22:50:44,1,off,0,normal
23-Apr-25,22:50:44,1,off,0,normal
23-Apr-25,22:50:01,1,off,0,normal
23-Apr-25,22:50:01,1,off,0,normal
23-Apr-25,22:49:31,0,off,0,normal
23-Apr-25,22:49:31,0,off,0,normal
23-Apr-25,22:48:43,1,off,0,normal
23-Apr-25,22:48:43,1,off,0,normal
23-Apr-25,22:48:02,1,off,0,normal
23-Apr-25,22:48:02,1,off,0,normal
23-Apr-25,22:47:22,1,off,0,normal
23-Apr-25,22:47:22,1,off,0,normal
23-Apr-25,22:46:24,1,off,0,normal
23-Apr-25,22:46:24,1,off,0,normal
23-Apr-25,22:45:25,0,off,0,normal
23-Apr-25,22:45:25,0,off,0,normal
23-Apr-25,22:44:39,0,off,0,normal
23-Apr-25,22:44:39,0,off,0,normal
23-Apr-25,22:43:45,0,off,0,normal
23-Apr-25,22:43:45,0,off,0,normal
23-Apr-25,22:43:07,1,off,0,normal
23-Apr-25,22:43:07,1,off,0,normal
23-Apr-25,22:42:28,1,off,0,normal
23-Apr-25,22:42:28,1,off,0,normal
23-Apr-25,22:41:31,0,off,0,normal
23-Apr-25,22:41:31,0,off,0,normal
23-Apr-25,22:41:00,0,off,0,normal
23-Apr-25,22:41:00,0,off,0,normal
23-Apr-25,22:40:12,1,off,0,normal
23-Apr-25,22:40:12,1,off,0,normal
23-Apr-25,22:39:16,1,off,0,normal
23-Apr-25,22:39:16,1,off,0,normal
23-Apr-25,22:38:18,0,off,0,normal
23-Apr-25,22:38:18,0,off,0,normal
23-Apr-25,22:37:23,0,off,0,normal
23-Apr-25,22:37:23,0,off,0,normal
23-Apr-25,22:36:49,0,off,0,normal
23-Apr-25,22:36:49,0,off,0,normal
23-Apr-25,22:36:02,1,off,0,normal
23-Apr-25,22:36:02,1,off,0,normal
23-Apr-25,22:35:30,1,off,0,normal
23-Apr-25,22:35:30,1,off,0,normal
23-Apr-25,22:34:34,1,off,0,normal
23-Apr-25,22:34:34,1,off,0,normal
23-Apr-25,22:33:58,1,off,0,normal
23-Apr-25,22:33:58,1,off,0,normal
23-Apr-25,22:33:09,1,off,0,normal
23-Apr-25,22:33:09,1,off,0,normal
23-Apr-25,22:32:16,0,off,0,normal
23-Apr-25,22:32:16,0,off,0,normal
23-Apr-25,22:31:18,1,off,0,normal
23-Apr-25,22:31:18,1,off,0,normal
23-Apr-25,22:30:40,0,off,0,normal
23-Apr-25,22:30:40,0,off,0,normal
23-Apr-25,22:30:10,0,off,0,normal
23-Apr-25,22:30:10,0,off,0,normal
23-Apr-25,22:29:36,1,off,0,normal
23-Apr-25,22:29:36,1,off,0,normal
23-Apr-25,22:28:51,0,off,0,normal
23-Apr-25,22:28:51,0,off,0,normal
23-Apr-25,22:27:56,1,off,0,normal
23-Apr-25,22:27:56,1,off,0,normal
23-Apr-25,22:27:08,1,off,0,normal
23-Apr-25,22:27:08,1,off,0,normal
23-Apr-25,22:26:30,1,off,0,normal
23-Apr-25,22:26:30,1,off,0,normal
23-Apr-25,22:25:44,1,off,0,normal
23-Apr-25,22:25:44,1,off,0,normal
23-Apr-25,22:24:52,1,off,0,normal
23-Apr-25,22:24:52,1,off,0,normal
23-Apr-25,22:24:14,0,off,0,normal
23-Apr-25,22:24:14,0,off,0,normal
23-Apr-25,22:23:37,1,off,0,normal
23-Apr-25,22:23:37,1,off,0,normal
23-Apr-25,22:22:41,0,off,0,normal
23-Apr-25,22:22:41,0,off,0,normal
23-Apr-25,22:21:41,0,off,0,normal
23-Apr-25,22:21:41,0,off,0,normal
23-Apr-25,22:20:45,0,off,0,normal
23-Apr-25,22:20:45,0,off,0,normal
23-Apr-25,22:20:05,0,off,0,normal
23-Apr-25,22:20:05,0,off,0,normal
23-Apr-25,22:19:22,1,off,0,normal
23-Apr-25,22:19:22,1,off,0,normal
23-Apr-25,22:18:31,1,off,0,normal
23-Apr-25,22:18:31,1,off,0,normal
23-Apr-25,22:18:00,1,off,0,normal
23-Apr-25,22:18:00,1,off,0,normal
23-Apr-25,22:17:06,0,off,0,normal
23-Apr-25,22:17:06,0,off,0,normal
23-Apr-25,22:16:10,1,off,0,normal
23-Apr-25,22:16:10,1,off,0,normal
23-Apr-25,22:15:17,1,off,0,normal
23-Apr-25,22:15:17,1,off,0,normal
23-Apr-25,22:14:41,0,off,0,normal
23-Apr-25,22:14:41,0,off,0,normal
23-Apr-25,22:13:50,1,off,0,normal
23-Apr-25,22:13:50,1,off,0,normal
23-Apr-25,22:06:24,0,off,0,normal
23-Apr-25,22:06:24,0,off,0,normal
23-Apr-25,22:05:24,0,off,0,normal
23-Apr-25,22:05:24,0,off,0,normal
23-Apr-25,22:04:28,1,off,0,normal
23-Apr-25,22:04:28,1,off,0,normal
23-Apr-25,22:03:35,1,off,0,normal
23-Apr-25,22:03:35,1,off,0,normal
23-Apr-25,22:02:57,0,off,0,normal
23-Apr-25,22:02:57,0,off,0,normal
23-Apr-25,22:02:26,0,off,0,normal
23-Apr-25,22:02:26,0,off,0,normal
23-Apr-25,22:01:51,1,off,0,normal
23-Apr-25,22:01:51,1,off,0,normal
23-Apr-25,22:01:09,0,off,0,normal
23-Apr-25,22:01:09,0,off,0,normal
23-Apr-25,21:59:55,0,off,0,normal
23-Apr-25,21:59:55,0,off,0,normal
23-Apr-25,21:59:24,1,off,0,normal
23-Apr-25,21:59:24,1,off,0,normal
23-Apr-25,21:58:41,1,off,0,normal
23-Apr-25,21:58:41,1,off,0,normal
23-Apr-25,21:57:41,1,off,0,normal
23-Apr-25,21:57:41,1,off,0,normal
23-Apr-25,21:56:53,0,off,0,normal
23-Apr-25,21:56:53,0,off,0,normal
23-Apr-25,21:56:04,0,off,0,normal
23-Apr-25,21:56:04,0,off,0,normal
23-Apr-25,21:55:29,1,off,0,normal
23-Apr-25,21:55:29,1,off,0,normal
23-Apr-25,21:54:36,1,off,0,normal
23-Apr-25,21:54:36,1,off,0,normal
23-Apr-25,21:53:41,1,off,0,normal
23-Apr-25,21:53:41,1,off,0,normal
23-Apr-25,21:53:10,0,off,0,normal
23-Apr-25,21:53:10,0,off,0,normal
23-Apr-25,21:52:23,1,off,0,normal
23-Apr-25,21:52:23,1,off,0,normal
23-Apr-25,21:51:40,0,off,0,normal
23-Apr-25,21:51:40,0,off,0,normal
23-Apr-25,21:50:52,1,off,0,normal
23-Apr-25,21:50:52,1,off,0,normal
23-Apr-25,21:49:09,1,off,0,normal
23-Apr-25,21:49:09,1,off,0,normal
23-Apr-25,21:48:37,1,off,0,normal
23-Apr-25,21:48:37,1,off,0,normal
23-Apr-25,21:48:08,0,off,0,normal
23-Apr-25,21:48:08,0,off,0,normal
23-Apr-25,21:47:28,0,off,0,normal
23-Apr-25,21:47:28,0,off,0,normal
23-Apr-25,21:46:31,1,off,0,normal
23-Apr-25,21:46:31,1,off,0,normal
23-Apr-25,21:45:38,1,off,0,normal
23-Apr-25,21:45:38,1,off,0,normal
23-Apr-25,21:44:54,1,off,0,normal
23-Apr-25,21:44:54,1,off,0,normal
23-Apr-25,21:44:24,0,off,0,normal
23-Apr-25,21:44:24,0,off,0,normal
23-Apr-25,21:43:35,0,off,0,normal
23-Apr-25,21:43:35,0,off,0,normal
23-Apr-25,21:42:46,1,off,0,normal
23-Apr-25,21:42:46,1,off,0,normal
23-Apr-25,21:42:10,1,off,0,normal
23-Apr-25,21:42:10,1,off,0,normal
23-Apr-25,21:41:38,0,off,0,normal
23-Apr-25,21:41:38,0,off,0,normal
23-Apr-25,21:40:43,0,off,0,normal
23-Apr-25,21:40:43,0,off,0,normal
23-Apr-25,21:40:06,1,off,0,normal
23-Apr-25,21:40:06,1,off,0,normal
23-Apr-25,21:39:18,0,off,0,normal
23-Apr-25,21:39:18,0,off,0,normal
23-Apr-25,21:38:26,0,off,0,normal
23-Apr-25,21:38:26,0,off,0,normal
23-Apr-25,21:37:42,0,off,0,normal
23-Apr-25,21:37:42,0,off,0,normal
23-Apr-25,21:35:29,0,off,0,normal
23-Apr-25,21:35:29,0,off,0,normal
23-Apr-25,21:34:44,0,off,0,normal
23-Apr-25,21:34:44,0,off,0,normal
23-Apr-25,21:34:01,1,off,0,normal
23-Apr-25,21:34:01,1,off,0,normal
23-Apr-25,21:33:12,0,off,0,normal
23-Apr-25,21:33:12,0,off,0,normal
23-Apr-25,21:32:17,1,off,0,normal
23-Apr-25,21:32:17,1,off,0,normal
23-Apr-25,21:31:43,0,off,0,normal
23-Apr-25,21:31:43,0,off,0,normal
23-Apr-25,21:31:03,1,off,0,normal
23-Apr-25,21:31:03,1,off,0,normal
23-Apr-25,21:30:11,0,off,0,normal
23-Apr-25,21:30:11,0,off,0,normal
23-Apr-25,21:29:28,1,off,0,normal
23-Apr-25,21:29:28,1,off,0,normal
23-Apr-25,21:28:48,1,off,0,normal
23-Apr-25,21:28:48,1,off,0,normal
23-Apr-25,21:28:18,0,off,0,normal
23-Apr-25,21:28:18,0,off,0,normal
23-Apr-25,21:27:48,0,off,0,normal
23-Apr-25,21:27:48,0,off,0,normal
23-Apr-25,21:27:03,1,off,0,normal
23-Apr-25,21:27:03,1,off,0,normal
23-Apr-25,21:26:06,0,off,0,normal
23-Apr-25,21:26:06,0,off,0,normal
23-Apr-25,21:25:34,1,off,0,normal
23-Apr-25,21:25:34,1,off,0,normal
23-Apr-25,21:24:57,0,off,0,normal
23-Apr-25,21:24:57,0,off,0,normal
23-Apr-25,21:24:12,0,off,0,normal
23-Apr-25,21:24:12,0,off,0,normal
23-Apr-25,21:22:21,0,off,0,normal
23-Apr-25,21:22:21,0,off,0,normal
23-Apr-25,21:21:51,1,off,0,normal
23-Apr-25,21:21:51,1,off,0,normal
23-Apr-25,21:21:44,1,off,0,normal
23-Apr-25,21:21:44,1,off,0,normal
23-Apr-25,21:19:42,0,off,0,normal
23-Apr-25,21:19:42,0,off,0,normal
23-Apr-25,21:18:52,0,off,0,normal
23-Apr-25,21:18:52,0,off,0,normal
23-Apr-25,21:18:15,0,off,0,normal
23-Apr-25,21:18:15,0,off,0,normal
23-Apr-25,21:17:28,0,off,0,normal
23-Apr-25,21:17:28,0,off,0,normal
23-Apr-25,21:16:52,0,off,0,normal
23-Apr-25,21:16:52,0,off,0,normal
23-Apr-25,21:16:02,0,off,0,normal
23-Apr-25,21:16:02,0,off,0,normal
23-Apr-25,21:15:07,0,off,0,normal
23-Apr-25,21:15:07,0,off,0,normal
23-Apr-25,21:14:33,0,off,0,normal
23-Apr-25,21:14:33,0,off,0,normal
23-Apr-25,21:13:39,0,off,0,normal
23-Apr-25,21:13:39,0,off,0,normal
23-Apr-25,06:44:55,1,off,0,normal
23-Apr-25,06:44:55,1,off,0,normal
23-Apr-25,06:44:19,0,off,0,normal
23-Apr-25,06:44:19,0,off,0,normal
23-Apr-25,06:43:16,1,off,0,normal
23-Apr-25,06:43:16,1,off,0,normal
23-Apr-25,06:42:32,1,off,0,normal
23-Apr-25,06:42:32,1,off,0,normal
23-Apr-25,06:42:00,0,off,0,normal
23-Apr-25,06:42:00,0,off,0,normal
23-Apr-25,06:41:28,1,off,0,normal
23-Apr-25,06:41:28,1,off,0,normal
23-Apr-25,06:40:29,1,off,0,normal
23-Apr-25,06:40:29,1,off,0,normal
23-Apr-25,06:39:36,1,off,0,normal
23-Apr-25,06:39:36,1,off,0,normal
23-Apr-25,06:38:57,0,off,0,normal
23-Apr-25,06:38:57,0,off,0,normal
23-Apr-25,06:38:17,0,off,0,normal
23-Apr-25,06:38:17,0,off,0,normal
23-Apr-25,06:37:41,1,off,0,normal
23-Apr-25,06:37:41,1,off,0,normal
23-Apr-25,06:37:08,1,off,0,normal
23-Apr-25,06:37:08,1,off,0,normal
23-Apr-25,06:36:27,1,off,0,normal
23-Apr-25,06:36:27,1,off,0,normal
23-Apr-25,06:35:32,0,off,0,normal
23-Apr-25,06:35:32,0,off,0,normal
23-Apr-25,06:34:32,1,off,0,normal
23-Apr-25,06:34:32,1,off,0,normal
23-Apr-25,06:33:44,1,off,0,normal
23-Apr-25,06:33:44,1,off,0,normal
23-Apr-25,06:32:56,0,off,0,normal
23-Apr-25,06:32:56,0,off,0,normal
23-Apr-25,06:32:22,0,off,0,normal
23-Apr-25,06:32:22,0,off,0,normal
23-Apr-25,06:31:22,0,off,0,normal
23-Apr-25,06:31:22,0,off,0,normal
23-Apr-25,06:30:50,0,off,0,normal
23-Apr-25,06:30:50,0,off,0,normal
23-Apr-25,06:29:53,0,off,0,normal
23-Apr-25,06:29:53,0,off,0,normal
23-Apr-25,06:29:23,1,off,0,normal
23-Apr-25,06:29:23,1,off,0,normal
23-Apr-25,06:28:38,0,off,0,normal
23-Apr-25,06:28:38,0,off,0,normal
23-Apr-25,06:27:57,0,off,0,normal
23-Apr-25,06:27:57,0,off,0,normal
23-Apr-25,06:27:22,1,off,0,normal
23-Apr-25,06:27:22,1,off,0,normal
23-Apr-25,06:26:40,0,off,0,normal
23-Apr-25,06:26:40,0,off,0,normal
23-Apr-25,06:26:07,1,off,0,normal
23-Apr-25,06:26:07,1,off,0,normal
23-Apr-25,06:25:17,0,off,0,normal
23-Apr-25,06:25:17,0,off,0,normal
23-Apr-25,06:24:32,1,off,0,normal
23-Apr-25,06:24:32,1,off,0,normal
23-Apr-25,06:23:51,0,off,0,normal
23-Apr-25,06:23:51,0,off,0,normal
23-Apr-25,06:23:05,1,off,0,normal
23-Apr-25,06:23:05,1,off,0,normal
23-Apr-25,06:22:06,0,off,0,normal
23-Apr-25,06:22:06,0,off,0,normal
23-Apr-25,06:21:22,0,off,0,normal
23-Apr-25,06:21:22,0,off,0,normal
23-Apr-25,06:20:23,1,off,0,normal
23-Apr-25,06:20:23,1,off,0,normal
23-Apr-25,06:19:46,0,off,0,normal
23-Apr-25,06:19:46,0,off,0,normal
23-Apr-25,06:19:14,0,off,0,normal
23-Apr-25,06:19:14,0,off,0,normal
23-Apr-25,06:18:31,0,off,0,normal
23-Apr-25,06:18:31,0,off,0,normal
23-Apr-25,06:17:59,1,off,0,normal
23-Apr-25,06:17:59,1,off,0,normal
23-Apr-25,06:17:28,1,off,0,normal
23-Apr-25,06:17:28,1,off,0,normal
23-Apr-25,06:16:33,1,off,0,normal
23-Apr-25,06:16:33,1,off,0,normal
23-Apr-25,06:15:37,0,off,0,normal
23-Apr-25,06:15:37,0,off,0,normal
23-Apr-25,06:14:45,0,off,0,normal
23-Apr-25,06:14:45,0,off,0,normal
23-Apr-25,06:13:47,1,off,0,normal
23-Apr-25,06:13:47,1,off,0,normal
23-Apr-25,06:12:55,0,off,0,normal
23-Apr-25,06:12:55,0,off,0,normal
23-Apr-25,06:12:05,1,off,0,normal
23-Apr-25,06:12:05,1,off,0,normal
23-Apr-25,06:11:35,0,off,0,normal
23-Apr-25,06:11:35,0,off,0,normal
23-Apr-25,06:11:03,1,off,0,normal
23-Apr-25,06:11:03,1,off,0,normal
23-Apr-25,06:10:18,0,off,0,normal
23-Apr-25,06:10:18,0,off,0,normal
23-Apr-25,06:09:23,1,off,0,normal
23-Apr-25,06:09:23,1,off,0,normal
23-Apr-25,06:08:49,0,off,0,normal
23-Apr-25,06:08:49,0,off,0,normal
23-Apr-25,06:08:04,1,off,0,normal
23-Apr-25,06:08:04,1,off,0,normal
23-Apr-25,06:07:09,0,off,0,normal
23-Apr-25,06:07:09,0,off,0,normal
23-Apr-25,06:06:13,1,off,0,normal
23-Apr-25,06:06:13,1,off,0,normal
23-Apr-25,06:05:39,0,off,0,normal
23-Apr-25,06:05:39,0,off,0,normal
23-Apr-25,06:04:55,1,off,0,normal
23-Apr-25,06:04:55,1,off,0,normal
23-Apr-25,06:04:21,0,off,0,normal
23-Apr-25,06:04:21,0,off,0,normal
23-Apr-25,06:03:24,1,off,0,normal
23-Apr-25,06:03:24,1,off,0,normal
23-Apr-25,06:02:53,0,off,0,normal
23-Apr-25,06:02:53,0,off,0,normal
23-Apr-25,06:02:07,1,off,0,normal
23-Apr-25,06:02:07,1,off,0,normal
23-Apr-25,06:01:09,0,off,0,normal
23-Apr-25,06:01:09,0,off,0,normal
23-Apr-25,06:00:28,0,off,0,normal
23-Apr-25,06:00:28,0,off,0,normal
23-Apr-25,05:59:55,1,off,0,normal
23-Apr-25,05:59:55,1,off,0,normal
23-Apr-25,05:58:57,1,off,0,normal
23-Apr-25,05:58:57,1,off,0,normal
23-Apr-25,05:58:08,0,off,0,normal
23-Apr-25,05:58:08,0,off,0,normal
23-Apr-25,05:57:33,1,off,0,normal
23-Apr-25,05:57:33,1,off,0,normal
23-Apr-25,05:57:01,1,off,0,normal
23-Apr-25,05:57:01,1,off,0,normal
23-Apr-25,05:56:24,1,off,0,normal
23-Apr-25,05:56:24,1,off,0,normal
23-Apr-25,05:55:44,1,off,0,normal
23-Apr-25,05:55:44,1,off,0,normal
23-Apr-25,05:54:47,1,off,0,normal
23-Apr-25,05:54:47,1,off,0,normal
23-Apr-25,05:53:49,0,off,0,normal
23-Apr-25,05:53:49,0,off,0,normal
23-Apr-25,05:52:59,0,off,0,normal
23-Apr-25,05:52:59,0,off,0,normal
23-Apr-25,05:52:23,1,off,0,normal
23-Apr-25,05:52:23,1,off,0,normal
23-Apr-25,05:51:43,0,off,0,normal
23-Apr-25,05:51:43,0,off,0,normal
23-Apr-25,05:51:02,0,off,0,normal
23-Apr-25,05:51:02,0,off,0,normal
23-Apr-25,05:50:09,1,off,0,normal
23-Apr-25,05:50:09,1,off,0,normal
23-Apr-25,05:49:12,0,off,0,normal
23-Apr-25,05:49:12,0,off,0,normal
23-Apr-25,05:48:12,1,off,0,normal
23-Apr-25,05:48:12,1,off,0,normal
23-Apr-25,05:47:42,0,off,0,normal
23-Apr-25,05:47:42,0,off,0,normal
23-Apr-25,05:47:06,1,off,0,normal
23-Apr-25,05:47:06,1,off,0,normal
23-Apr-25,05:46:14,0,off,0,normal
23-Apr-25,05:46:14,0,off,0,normal
23-Apr-25,05:45:17,1,off,0,normal
23-Apr-25,05:45:17,1,off,0,normal
23-Apr-25,05:44:23,1,off,0,normal
23-Apr-25,05:44:23,1,off,0,normal
23-Apr-25,05:43:42,1,off,0,normal
23-Apr-25,05:43:42,1,off,0,normal
23-Apr-25,05:42:55,0,off,0,normal
23-Apr-25,05:42:55,0,off,0,normal
23-Apr-25,05:42:25,1,off,0,normal
23-Apr-25,05:42:25,1,off,0,normal
23-Apr-25,05:41:40,0,off,0,normal
23-Apr-25,05:41:40,0,off,0,normal
23-Apr-25,05:41:07,1,off,0,normal
23-Apr-25,05:41:07,1,off,0,normal
23-Apr-25,05:40:30,1,off,0,normal
23-Apr-25,05:40:30,1,off,0,normal
23-Apr-25,05:39:30,0,off,0,normal
23-Apr-25,05:39:30,0,off,0,normal
23-Apr-25,05:38:58,1,off,0,normal
23-Apr-25,05:38:58,1,off,0,normal
23-Apr-25,05:38:20,0,off,0,normal
23-Apr-25,05:38:20,0,off,0,normal
23-Apr-25,05:37:34,0,off,0,normal
23-Apr-25,05:37:34,0,off,0,normal
23-Apr-25,05:36:45,1,off,0,normal
23-Apr-25,05:36:45,1,off,0,normal
23-Apr-25,05:35:50,1,off,0,normal
23-Apr-25,05:35:50,1,off,0,normal
23-Apr-25,05:35:07,0,off,0,normal
23-Apr-25,05:35:07,0,off,0,normal
23-Apr-25,05:34:34,0,off,0,normal
23-Apr-25,05:34:34,0,off,0,normal
23-Apr-25,05:33:54,1,off,0,normal
23-Apr-25,05:33:54,1,off,0,normal
23-Apr-25,05:32:57,1,off,0,normal
23-Apr-25,05:32:57,1,off,0,normal
23-Apr-25,05:32:01,0,off,0,normal
23-Apr-25,05:32:01,0,off,0,normal
23-Apr-25,05:31:12,1,off,0,normal
23-Apr-25,05:31:12,1,off,0,normal
23-Apr-25,05:30:37,1,off,0,normal
23-Apr-25,05:30:37,1,off,0,normal
23-Apr-25,05:30:04,1,off,0,normal
23-Apr-25,05:30:04,1,off,0,normal
23-Apr-25,05:29:06,1,off,0,normal
23-Apr-25,05:29:06,1,off,0,normal
23-Apr-25,05:28:28,0,off,0,normal
23-Apr-25,05:28:28,0,off,0,normal
23-Apr-25,05:27:28,0,off,0,normal
23-Apr-25,05:27:28,0,off,0,normal
23-Apr-25,05:26:42,0,off,0,normal
23-Apr-25,05:26:42,0,off,0,normal
23-Apr-25,05:26:11,0,off,0,normal
23-Apr-25,05:26:11,0,off,0,normal
23-Apr-25,05:25:31,1,off,0,normal
23-Apr-25,05:25:31,1,off,0,normal
23-Apr-25,05:24:31,1,off,0,normal
23-Apr-25,05:24:31,1,off,0,normal
23-Apr-25,05:24:00,1,off,0,normal
23-Apr-25,05:24:00,1,off,0,normal
23-Apr-25,05:23:00,0,off,0,normal
23-Apr-25,05:23:00,0,off,0,normal
23-Apr-25,05:22:24,1,off,0,normal
23-Apr-25,05:22:24,1,off,0,normal
23-Apr-25,05:21:29,0,off,0,normal
23-Apr-25,05:21:29,0,off,0,normal
23-Apr-25,05:20:33,0,off,0,normal
23-Apr-25,05:20:33,0,off,0,normal
23-Apr-25,05:19:57,0,off,0,normal
23-Apr-25,05:19:57,0,off,0,normal
23-Apr-25,05:19:08,0,off,0,normal
23-Apr-25,05:19:08,0,off,0,normal
23-Apr-25,05:18:25,1,off,0,normal
23-Apr-25,05:18:25,1,off,0,normal
23-Apr-25,05:17:40,1,off,0,normal
23-Apr-25,05:17:40,1,off,0,normal
23-Apr-25,05:16:57,1,off,0,normal
23-Apr-25,05:16:57,1,off,0,normal
23-Apr-25,05:15:57,1,off,0,normal
23-Apr-25,05:15:57,1,off,0,normal
23-Apr-25,05:14:57,0,off,0,normal
23-Apr-25,05:14:57,0,off,0,normal
23-Apr-25,05:13:57,1,off,0,normal
23-Apr-25,05:13:57,1,off,0,normal
23-Apr-25,05:13:14,1,off,0,normal
23-Apr-25,05:13:14,1,off,0,normal
23-Apr-25,05:12:25,1,off,0,normal
23-Apr-25,05:12:25,1,off,0,normal
23-Apr-25,05:11:39,0,off,0,normal
23-Apr-25,05:11:39,0,off,0,normal
23-Apr-25,05:10:55,1,off,0,normal
23-Apr-25,05:10:55,1,off,0,normal
23-Apr-25,05:10:25,1,off,0,normal
23-Apr-25,05:10:25,1,off,0,normal
23-Apr-25,05:09:54,0,off,0,normal
23-Apr-25,05:09:54,0,off,0,normal
23-Apr-25,05:09:15,1,off,0,normal
23-Apr-25,05:09:15,1,off,0,normal
23-Apr-25,05:08:45,0,off,0,normal
23-Apr-25,05:08:45,0,off,0,normal
23-Apr-25,05:07:45,0,off,0,normal
23-Apr-25,05:07:45,0,off,0,normal
23-Apr-25,05:07:07,1,off,0,normal
23-Apr-25,05:07:07,1,off,0,normal
23-Apr-25,05:06:35,1,off,0,normal
23-Apr-25,05:06:35,1,off,0,normal
23-Apr-25,05:05:44,0,off,0,normal
23-Apr-25,05:05:44,0,off,0,normal
23-Apr-25,05:04:59,1,off,0,normal
23-Apr-25,05:04:59,1,off,0,normal
23-Apr-25,05:04:14,0,off,0,normal
23-Apr-25,05:04:14,0,off,0,normal
23-Apr-25,05:03:22,0,off,0,normal
23-Apr-25,05:03:22,0,off,0,normal
23-Apr-25,05:02:27,1,off,0,normal
23-Apr-25,05:02:27,1,off,0,normal
23-Apr-25,05:01:32,0,off,0,normal
23-Apr-25,05:01:32,0,off,0,normal
23-Apr-25,05:00:36,0,off,0,normal
23-Apr-25,05:00:36,0,off,0,normal
23-Apr-25,04:59:45,0,off,0,normal
23-Apr-25,04:59:45,0,off,0,normal
23-Apr-25,04:58:57,1,off,0,normal
23-Apr-25,04:58:57,1,off,0,normal
23-Apr-25,04:58:24,0,off,0,normal
23-Apr-25,04:58:24,0,off,0,normal
23-Apr-25,04:57:36,0,off,0,normal
23-Apr-25,04:57:36,0,off,0,normal
23-Apr-25,04:56:47,1,off,0,normal
23-Apr-25,04:56:47,1,off,0,normal
23-Apr-25,04:55:48,1,off,0,normal
23-Apr-25,04:55:48,1,off,0,normal
23-Apr-25,04:54:56,1,off,0,normal
23-Apr-25,04:54:56,1,off,0,normal
23-Apr-25,04:54:21,0,off,0,normal
23-Apr-25,04:54:21,0,off,0,normal
23-Apr-25,04:53:24,1,off,0,normal
23-Apr-25,04:53:24,1,off,0,normal
23-Apr-25,04:52:29,1,off,0,normal
23-Apr-25,04:52:29,1,off,0,normal
23-Apr-25,04:51:42,0,off,0,normal
23-Apr-25,04:51:42,0,off,0,normal
23-Apr-25,04:51:00,1,off,0,normal
23-Apr-25,04:51:00,1,off,0,normal
23-Apr-25,04:50:18,1,off,0,normal
23-Apr-25,04:50:18,1,off,0,normal
23-Apr-25,04:49:24,0,off,0,normal
23-Apr-25,04:49:24,0,off,0,normal
23-Apr-25,04:48:33,1,off,0,normal
23-Apr-25,04:48:33,1,off,0,normal
23-Apr-25,04:47:53,1,off,0,normal
23-Apr-25,04:47:53,1,off,0,normal
23-Apr-25,04:47:23,1,off,0,normal
23-Apr-25,04:47:23,1,off,0,normal
23-Apr-25,04:46:26,1,off,0,normal
23-Apr-25,04:46:26,1,off,0,normal
23-Apr-25,04:45:28,0,off,0,normal
23-Apr-25,04:45:28,0,off,0,normal
23-Apr-25,04:44:56,0,off,0,normal
23-Apr-25,04:44:56,0,off,0,normal
23-Apr-25,04:44:06,1,off,0,normal
23-Apr-25,04:44:06,1,off,0,normal
23-Apr-25,04:43:32,0,off,0,normal
23-Apr-25,04:43:32,0,off,0,normal
23-Apr-25,04:42:54,1,off,0,normal
23-Apr-25,04:42:54,1,off,0,normal
23-Apr-25,04:42:01,1,off,0,normal
23-Apr-25,04:42:01,1,off,0,normal
23-Apr-25,04:41:03,0,off,0,normal
23-Apr-25,04:41:03,0,off,0,normal
23-Apr-25,04:40:20,0,off,0,normal
23-Apr-25,04:40:20,0,off,0,normal
23-Apr-25,04:39:27,1,off,0,normal
23-Apr-25,04:39:27,1,off,0,normal
23-Apr-25,04:38:55,1,off,0,normal
23-Apr-25,04:38:55,1,off,0,normal
23-Apr-25,04:37:57,0,off,0,normal
23-Apr-25,04:37:57,0,off,0,normal
23-Apr-25,04:37:20,1,off,0,normal
23-Apr-25,04:37:20,1,off,0,normal
23-Apr-25,04:36:20,0,off,0,normal
23-Apr-25,04:36:20,0,off,0,normal
23-Apr-25,04:35:37,0,off,0,normal
23-Apr-25,04:35:37,0,off,0,normal
23-Apr-25,04:34:59,0,off,0,normal
23-Apr-25,04:34:59,0,off,0,normal
23-Apr-25,04:34:29,0,off,0,normal
23-Apr-25,04:34:29,0,off,0,normal
23-Apr-25,04:33:59,1,off,0,normal
23-Apr-25,04:33:59,1,off,0,normal
23-Apr-25,04:33:00,1,off,0,normal
23-Apr-25,04:33:00,1,off,0,normal
23-Apr-25,04:32:17,0,off,0,normal
23-Apr-25,04:32:17,0,off,0,normal
23-Apr-25,04:31:43,1,off,0,normal
23-Apr-25,04:31:43,1,off,0,normal
23-Apr-25,04:30:58,0,off,0,normal
23-Apr-25,04:30:58,0,off,0,normal
23-Apr-25,04:30:17,1,off,0,normal
23-Apr-25,04:30:17,1,off,0,normal
23-Apr-25,04:29:18,1,off,0,normal
23-Apr-25,04:29:18,1,off,0,normal
23-Apr-25,04:28:48,1,off,0,normal
23-Apr-25,04:28:48,1,off,0,normal
23-Apr-25,04:27:59,1,off,0,normal
23-Apr-25,04:27:59,1,off,0,normal
23-Apr-25,04:27:15,1,off,0,normal
23-Apr-25,04:27:15,1,off,0,normal
23-Apr-25,04:26:24,0,off,0,normal
23-Apr-25,04:26:24,0,off,0,normal
23-Apr-25,04:25:44,1,off,0,normal
23-Apr-25,04:25:44,1,off,0,normal
23-Apr-25,04:24:49,0,off,0,normal
23-Apr-25,04:24:49,0,off,0,normal
23-Apr-25,04:23:59,0,off,0,normal
23-Apr-25,04:23:59,0,off,0,normal
23-Apr-25,04:23:29,1,off,0,normal
23-Apr-25,04:23:29,1,off,0,normal
23-Apr-25,04:22:57,0,off,0,normal
23-Apr-25,04:22:57,0,off,0,normal
23-Apr-25,04:22:17,1,off,0,normal
23-Apr-25,04:22:17,1,off,0,normal
23-Apr-25,04:21:24,1,off,0,normal
23-Apr-25,04:21:24,1,off,0,normal
23-Apr-25,04:20:35,0,off,0,normal
23-Apr-25,04:20:35,0,off,0,normal
23-Apr-25,04:19:44,0,off,0,normal
23-Apr-25,04:19:44,0,off,0,normal
23-Apr-25,04:18:55,0,off,0,normal
23-Apr-25,04:18:55,0,off,0,normal
23-Apr-25,04:18:25,1,off,0,normal
23-Apr-25,04:18:25,1,off,0,normal
23-Apr-25,04:17:54,0,off,0,normal
23-Apr-25,04:17:54,0,off,0,normal
23-Apr-25,04:17:16,0,off,0,normal
23-Apr-25,04:17:16,0,off,0,normal
23-Apr-25,04:16:19,1,off,0,normal
23-Apr-25,04:16:19,1,off,0,normal
23-Apr-25,04:15:49,0,off,0,normal
23-Apr-25,04:15:49,0,off,0,normal
23-Apr-25,04:15:13,0,off,0,normal
23-Apr-25,04:15:13,0,off,0,normal
23-Apr-25,04:14:36,0,off,0,normal
23-Apr-25,04:14:36,0,off,0,normal
23-Apr-25,04:13:38,1,off,0,normal
23-Apr-25,04:13:38,1,off,0,normal
23-Apr-25,04:12:43,1,off,0,normal
23-Apr-25,04:12:43,1,off,0,normal
23-Apr-25,04:12:11,1,off,0,normal
23-Apr-25,04:12:11,1,off,0,normal
23-Apr-25,04:11:12,1,off,0,normal
23-Apr-25,04:11:12,1,off,0,normal
23-Apr-25,04:10:19,0,off,0,normal
23-Apr-25,04:10:19,0,off,0,normal
23-Apr-25,04:09:24,0,off,0,normal
23-Apr-25,04:09:24,0,off,0,normal
23-Apr-25,04:08:33,1,off,0,normal
23-Apr-25,04:08:33,1,off,0,normal
23-Apr-25,04:07:36,1,off,0,normal
23-Apr-25,04:07:36,1,off,0,normal
23-Apr-25,04:07:00,1,off,0,normal
23-Apr-25,04:07:00,1,off,0,normal
23-Apr-25,04:06:15,0,off,0,normal
23-Apr-25,04:06:15,0,off,0,normal
23-Apr-25,04:05:36,1,off,0,normal
23-Apr-25,04:05:36,1,off,0,normal
23-Apr-25,04:04:43,0,off,0,normal
23-Apr-25,04:04:43,0,off,0,normal
23-Apr-25,04:03:44,0,off,0,normal
23-Apr-25,04:03:44,0,off,0,normal
23-Apr-25,04:02:54,1,off,0,normal
23-Apr-25,04:02:54,1,off,0,normal
23-Apr-25,04:02:17,1,off,0,normal
23-Apr-25,04:02:17,1,off,0,normal
23-Apr-25,04:01:31,0,off,0,normal
23-Apr-25,04:01:31,0,off,0,normal
23-Apr-25,04:00:36,1,off,0,normal
23-Apr-25,04:00:36,1,off,0,normal
23-Apr-25,03:59:38,0,off,0,normal
23-Apr-25,03:59:38,0,off,0,normal
23-Apr-25,03:58:52,0,off,0,normal
23-Apr-25,03:58:52,0,off,0,normal
23-Apr-25,03:58:22,0,off,0,normal
23-Apr-25,03:58:22,0,off,0,normal
23-Apr-25,03:57:25,0,off,0,normal
23-Apr-25,03:57:25,0,off,0,normal
23-Apr-25,03:56:50,0,off,0,normal
23-Apr-25,03:56:50,0,off,0,normal
23-Apr-25,03:56:14,1,off,0,normal
23-Apr-25,03:56:14,1,off,0,normal
23-Apr-25,03:55:27,1,off,0,normal
23-Apr-25,03:55:27,1,off,0,normal
23-Apr-25,03:54:32,1,off,0,normal
23-Apr-25,03:54:32,1,off,0,normal
23-Apr-25,03:53:49,0,off,0,normal
23-Apr-25,03:53:49,0,off,0,normal
23-Apr-25,03:52:52,0,off,0,normal
23-Apr-25,03:52:52,0,off,0,normal
23-Apr-25,03:52:12,0,off,0,normal
23-Apr-25,03:52:12,0,off,0,normal
23-Apr-25,03:51:13,0,off,0,normal
23-Apr-25,03:51:13,0,off,0,normal
23-Apr-25,03:50:40,0,off,0,normal
23-Apr-25,03:50:40,0,off,0,normal
23-Apr-25,03:49:53,1,off,0,normal
23-Apr-25,03:49:53,1,off,0,normal
23-Apr-25,03:49:18,1,off,0,normal
23-Apr-25,03:49:18,1,off,0,normal
23-Apr-25,03:48:27,0,off,0,normal
23-Apr-25,03:48:27,0,off,0,normal
23-Apr-25,03:47:45,1,off,0,normal
23-Apr-25,03:47:45,1,off,0,normal
23-Apr-25,03:47:08,1,off,0,normal
23-Apr-25,03:47:08,1,off,0,normal
23-Apr-25,03:46:11,1,off,0,normal
23-Apr-25,03:46:11,1,off,0,normal
23-Apr-25,03:45:36,1,off,0,normal
23-Apr-25,03:45:36,1,off,0,normal
23-Apr-25,03:45:03,1,off,0,normal
23-Apr-25,03:45:03,1,off,0,normal
23-Apr-25,03:44:15,0,off,0,normal
23-Apr-25,03:44:15,0,off,0,normal
23-Apr-25,03:43:43,1,off,0,normal
23-Apr-25,03:43:43,1,off,0,normal
23-Apr-25,03:43:08,0,off,0,normal
23-Apr-25,03:43:08,0,off,0,normal
23-Apr-25,03:42:08,0,off,0,normal
23-Apr-25,03:42:08,0,off,0,normal
23-Apr-25,03:41:15,0,off,0,normal
23-Apr-25,03:41:15,0,off,0,normal
23-Apr-25,03:40:28,1,off,0,normal
23-Apr-25,03:40:28,1,off,0,normal
23-Apr-25,03:39:37,0,off,0,normal
23-Apr-25,03:39:37,0,off,0,normal
23-Apr-25,03:39:01,0,off,0,normal
23-Apr-25,03:39:01,0,off,0,normal
23-Apr-25,03:38:24,1,off,0,normal
23-Apr-25,03:38:24,1,off,0,normal
23-Apr-25,03:37:33,1,off,0,normal
23-Apr-25,03:37:33,1,off,0,normal
23-Apr-25,03:36:48,1,off,0,normal
23-Apr-25,03:36:48,1,off,0,normal
23-Apr-25,03:36:18,1,off,0,normal
23-Apr-25,03:36:18,1,off,0,normal
23-Apr-25,03:35:31,1,off,0,normal
23-Apr-25,03:35:31,1,off,0,normal
23-Apr-25,03:34:55,0,off,0,normal
23-Apr-25,03:34:55,0,off,0,normal
23-Apr-25,03:33:55,0,off,0,normal
23-Apr-25,03:33:55,0,off,0,normal
23-Apr-25,03:33:19,0,off,0,normal
23-Apr-25,03:33:19,0,off,0,normal
23-Apr-25,03:32:34,0,off,0,normal
23-Apr-25,03:32:34,0,off,0,normal
23-Apr-25,03:31:34,0,off,0,normal
23-Apr-25,03:31:34,0,off,0,normal
23-Apr-25,03:30:46,1,off,0,normal
23-Apr-25,03:30:46,1,off,0,normal
23-Apr-25,03:30:16,0,off,0,normal
23-Apr-25,03:30:16,0,off,0,normal
23-Apr-25,03:29:24,0,off,0,normal
23-Apr-25,03:29:24,0,off,0,normal
23-Apr-25,03:28:39,0,off,0,normal
23-Apr-25,03:28:39,0,off,0,normal
23-Apr-25,03:27:49,0,off,0,normal
23-Apr-25,03:27:49,0,off,0,normal
23-Apr-25,03:27:11,1,off,0,normal
23-Apr-25,03:27:11,1,off,0,normal
23-Apr-25,03:26:33,0,off,0,normal
23-Apr-25,03:26:33,0,off,0,normal
23-Apr-25,03:25:34,1,off,0,normal
23-Apr-25,03:25:34,1,off,0,normal
23-Apr-25,03:25:03,1,off,0,normal
23-Apr-25,03:25:03,1,off,0,normal
23-Apr-25,03:24:07,0,off,0,normal
23-Apr-25,03:24:07,0,off,0,normal
23-Apr-25,03:23:25,0,off,0,normal
23-Apr-25,03:23:25,0,off,0,normal
23-Apr-25,03:22:43,1,off,0,normal
23-Apr-25,03:22:43,1,off,0,normal
23-Apr-25,03:21:52,1,off,0,normal
23-Apr-25,03:21:52,1,off,0,normal
23-Apr-25,03:21:18,1,off,0,normal
23-Apr-25,03:21:18,1,off,0,normal
23-Apr-25,03:20:34,1,off,0,normal
23-Apr-25,03:20:34,1,off,0,normal
23-Apr-25,03:19:35,0,off,0,normal
23-Apr-25,03:19:35,0,off,0,normal
23-Apr-25,03:18:50,0,off,0,normal
23-Apr-25,03:18:50,0,off,0,normal
23-Apr-25,03:18:09,1,off,0,normal
23-Apr-25,03:18:09,1,off,0,normal
23-Apr-25,03:17:13,1,off,0,normal
23-Apr-25,03:17:13,1,off,0,normal
23-Apr-25,03:16:19,0,off,0,normal
23-Apr-25,03:16:19,0,off,0,normal
23-Apr-25,03:15:30,0,off,0,normal
23-Apr-25,03:15:30,0,off,0,normal
23-Apr-25,03:14:39,0,off,0,normal
23-Apr-25,03:14:39,0,off,0,normal
23-Apr-25,03:13:53,1,off,0,normal
23-Apr-25,03:13:53,1,off,0,normal
23-Apr-25,03:13:03,1,off,0,normal
23-Apr-25,03:13:03,1,off,0,normal
23-Apr-25,03:12:20,1,off,0,normal
23-Apr-25,03:12:20,1,off,0,normal
23-Apr-25,03:11:39,0,off,0,normal
23-Apr-25,03:11:39,0,off,0,normal
23-Apr-25,03:10:55,1,off,0,normal
23-Apr-25,03:10:55,1,off,0,normal
23-Apr-25,03:10:04,1,off,0,normal
23-Apr-25,03:10:04,1,off,0,normal
23-Apr-25,03:09:30,1,off,0,normal
23-Apr-25,03:09:30,1,off,0,normal
23-Apr-25,03:08:53,0,off,0,normal
23-Apr-25,03:08:53,0,off,0,normal
23-Apr-25,03:08:08,0,off,0,normal
23-Apr-25,03:08:08,0,off,0,normal
23-Apr-25,03:07:19,0,off,0,normal
23-Apr-25,03:07:19,0,off,0,normal
23-Apr-25,03:06:49,0,off,0,normal
23-Apr-25,03:06:49,0,off,0,normal
23-Apr-25,03:05:57,1,off,0,normal
23-Apr-25,03:05:57,1,off,0,normal
23-Apr-25,03:05:10,0,off,0,normal
23-Apr-25,03:05:10,0,off,0,normal
23-Apr-25,03:04:25,1,off,0,normal
23-Apr-25,03:04:25,1,off,0,normal
23-Apr-25,03:03:40,1,off,0,normal
23-Apr-25,03:03:40,1,off,0,normal
23-Apr-25,03:03:07,1,off,0,normal
23-Apr-25,03:03:07,1,off,0,normal
23-Apr-25,03:02:20,0,off,0,normal
23-Apr-25,03:02:20,0,off,0,normal
23-Apr-25,03:01:25,1,off,0,normal
23-Apr-25,03:01:25,1,off,0,normal
23-Apr-25,03:00:39,1,off,0,normal
23-Apr-25,03:00:39,1,off,0,normal
23-Apr-25,02:59:41,0,off,0,normal
23-Apr-25,02:59:41,0,off,0,normal
23-Apr-25,02:59:11,1,off,0,normal
23-Apr-25,02:59:11,1,off,0,normal
23-Apr-25,02:58:15,1,off,0,normal
23-Apr-25,02:58:15,1,off,0,normal
23-Apr-25,02:57:16,0,off,0,normal
23-Apr-25,02:57:16,0,off,0,normal
23-Apr-25,02:56:29,1,off,0,normal
23-Apr-25,02:56:29,1,off,0,normal
23-Apr-25,02:55:51,1,off,0,normal
23-Apr-25,02:55:51,1,off,0,normal
23-Apr-25,02:55:04,1,off,0,normal
23-Apr-25,02:55:04,1,off,0,normal
23-Apr-25,02:54:12,0,off,0,normal
23-Apr-25,02:54:12,0,off,0,normal
23-Apr-25,02:53:18,0,off,0,normal
23-Apr-25,02:53:18,0,off,0,normal
23-Apr-25,02:52:24,0,off,0,normal
23-Apr-25,02:52:24,0,off,0,normal
23-Apr-25,02:51:29,0,off,0,normal
23-Apr-25,02:51:29,0,off,0,normal
23-Apr-25,02:50:55,1,off,0,normal
23-Apr-25,02:50:55,1,off,0,normal
23-Apr-25,02:50:04,1,off,0,normal
23-Apr-25,02:50:04,1,off,0,normal
23-Apr-25,02:49:16,0,off,0,normal
23-Apr-25,02:49:16,0,off,0,normal
23-Apr-25,02:48:39,0,off,0,normal
23-Apr-25,02:48:39,0,off,0,normal
23-Apr-25,02:48:03,1,off,0,normal
23-Apr-25,02:48:03,1,off,0,normal
23-Apr-25,02:47:05,1,off,0,normal
23-Apr-25,02:47:05,1,off,0,normal
23-Apr-25,02:46:05,0,off,0,normal
23-Apr-25,02:46:05,0,off,0,normal
23-Apr-25,02:45:17,0,off,0,normal
23-Apr-25,02:45:17,0,off,0,normal
23-Apr-25,02:44:20,0,off,0,normal
23-Apr-25,02:44:20,0,off,0,normal
23-Apr-25,02:43:45,1,off,0,normal
23-Apr-25,02:43:45,1,off,0,normal
23-Apr-25,02:42:53,1,off,0,normal
23-Apr-25,02:42:53,1,off,0,normal
23-Apr-25,02:42:23,1,off,0,normal
23-Apr-25,02:42:23,1,off,0,normal
23-Apr-25,02:41:25,0,off,0,normal
23-Apr-25,02:41:25,0,off,0,normal
23-Apr-25,02:40:53,1,off,0,normal
23-Apr-25,02:40:53,1,off,0,normal
23-Apr-25,02:40:23,1,off,0,normal
23-Apr-25,02:40:23,1,off,0,normal
23-Apr-25,02:39:46,1,off,0,normal
23-Apr-25,02:39:46,1,off,0,normal
23-Apr-25,02:39:11,1,off,0,normal
23-Apr-25,02:39:11,1,off,0,normal
23-Apr-25,02:38:16,1,off,0,normal
23-Apr-25,02:38:16,1,off,0,normal
23-Apr-25,02:37:35,1,off,0,normal
23-Apr-25,02:37:35,1,off,0,normal
23-Apr-25,02:36:49,1,off,0,normal
23-Apr-25,02:36:49,1,off,0,normal
23-Apr-25,02:35:58,1,off,0,normal
23-Apr-25,02:35:58,1,off,0,normal
23-Apr-25,02:35:23,0,off,0,normal
23-Apr-25,02:35:23,0,off,0,normal
23-Apr-25,02:34:42,0,off,0,normal
23-Apr-25,02:34:42,0,off,0,normal
23-Apr-25,02:33:48,0,off,0,normal
23-Apr-25,02:33:48,0,off,0,normal
23-Apr-25,02:32:48,0,off,0,normal
23-Apr-25,02:32:48,0,off,0,normal
23-Apr-25,02:32:10,0,off,0,normal
23-Apr-25,02:32:10,0,off,0,normal
23-Apr-25,02:31:33,0,off,0,normal
23-Apr-25,02:31:33,0,off,0,normal
23-Apr-25,02:30:35,0,off,0,normal
23-Apr-25,02:30:35,0,off,0,normal
23-Apr-25,02:29:44,0,off,0,normal
23-Apr-25,02:29:44,0,off,0,normal
23-Apr-25,02:28:46,0,off,0,normal
23-Apr-25,02:28:46,0,off,0,normal
23-Apr-25,02:27:46,0,off,0,normal
23-Apr-25,02:27:46,0,off,0,normal
23-Apr-25,02:26:57,0,off,0,normal
23-Apr-25,02:26:57,0,off,0,normal
23-Apr-25,02:25:56,0,off,0,normal
23-Apr-25,02:25:56,0,off,0,normal
23-Apr-25,02:25:00,1,off,0,normal
23-Apr-25,02:25:00,1,off,0,normal
23-Apr-25,02:24:02,0,off,0,normal
23-Apr-25,02:24:02,0,off,0,normal
23-Apr-25,02:23:28,1,off,0,normal
23-Apr-25,02:23:28,1,off,0,normal
23-Apr-25,02:22:31,1,off,0,normal
23-Apr-25,02:22:31,1,off,0,normal
23-Apr-25,02:21:59,0,off,0,normal
23-Apr-25,02:21:59,0,off,0,normal
23-Apr-25,02:21:18,1,off,0,normal
23-Apr-25,02:21:18,1,off,0,normal
23-Apr-25,02:10:46,1,off,0,normal
23-Apr-25,02:10:46,1,off,0,normal
23-Apr-25,02:10:07,0,off,0,normal
23-Apr-25,02:10:07,0,off,0,normal
23-Apr-25,02:09:36,0,off,0,normal
23-Apr-25,02:09:36,0,off,0,normal
23-Apr-25,02:08:53,1,off,0,normal
23-Apr-25,02:08:53,1,off,0,normal
23-Apr-25,02:08:06,0,off,0,normal
23-Apr-25,02:08:06,0,off,0,normal
23-Apr-25,02:07:13,0,off,0,normal
23-Apr-25,02:07:13,0,off,0,normal
23-Apr-25,02:06:43,0,off,0,normal
23-Apr-25,02:06:43,0,off,0,normal
23-Apr-25,02:05:44,0,off,0,normal
23-Apr-25,02:05:44,0,off,0,normal
23-Apr-25,02:05:06,1,off,0,normal
23-Apr-25,02:05:06,1,off,0,normal
23-Apr-25,02:04:11,1,off,0,normal
23-Apr-25,02:04:11,1,off,0,normal
23-Apr-25,02:03:19,0,off,0,normal
23-Apr-25,02:03:19,0,off,0,normal
23-Apr-25,02:02:29,0,off,0,normal
23-Apr-25,02:02:29,0,off,0,normal
23-Apr-25,02:01:38,1,off,0,normal
23-Apr-25,02:01:38,1,off,0,normal
23-Apr-25,02:00:38,1,off,0,normal
23-Apr-25,02:00:38,1,off,0,normal
23-Apr-25,01:59:48,0,off,0,normal
23-Apr-25,01:59:48,0,off,0,normal
23-Apr-25,01:59:10,1,off,0,normal
23-Apr-25,01:59:10,1,off,0,normal
23-Apr-25,01:58:35,0,off,0,normal
23-Apr-25,01:58:35,0,off,0,normal
23-Apr-25,01:58:02,0,off,0,normal
23-Apr-25,01:58:02,0,off,0,normal
23-Apr-25,01:57:20,1,off,0,normal
23-Apr-25,01:57:20,1,off,0,normal
23-Apr-25,01:56:42,0,off,0,normal
23-Apr-25,01:56:42,0,off,0,normal
23-Apr-25,01:56:00,1,off,0,normal
23-Apr-25,01:56:00,1,off,0,normal
23-Apr-25,01:55:04,1,off,0,normal
23-Apr-25,01:55:04,1,off,0,normal
23-Apr-25,01:54:24,0,off,0,normal
23-Apr-25,01:54:24,0,off,0,normal
23-Apr-25,01:53:46,0,off,0,normal
23-Apr-25,01:53:46,0,off,0,normal
23-Apr-25,01:52:54,0,off,0,normal
23-Apr-25,01:52:54,0,off,0,normal
23-Apr-25,01:52:03,0,off,0,normal
23-Apr-25,01:52:03,0,off,0,normal
23-Apr-25,01:51:16,0,off,0,normal
23-Apr-25,01:51:16,0,off,0,normal
23-Apr-25,01:50:46,0,off,0,normal
23-Apr-25,01:50:46,0,off,0,normal
23-Apr-25,01:50:07,1,off,0,normal
23-Apr-25,01:50:07,1,off,0,normal
23-Apr-25,01:49:24,0,off,0,normal
23-Apr-25,01:49:24,0,off,0,normal
23-Apr-25,01:48:37,1,off,0,normal
23-Apr-25,01:48:37,1,off,0,normal
23-Apr-25,01:48:02,1,off,0,normal
23-Apr-25,01:48:02,1,off,0,normal
23-Apr-25,01:47:22,1,off,0,normal
23-Apr-25,01:47:22,1,off,0,normal
23-Apr-25,01:46:48,0,off,0,normal
23-Apr-25,01:46:48,0,off,0,normal
23-Apr-25,01:45:56,0,off,0,normal
23-Apr-25,01:45:56,0,off,0,normal
23-Apr-25,01:45:11,0,off,0,normal
23-Apr-25,01:45:11,0,off,0,normal
23-Apr-25,01:44:22,1,off,0,normal
23-Apr-25,01:44:22,1,off,0,normal
23-Apr-25,01:43:28,1,off,0,normal
23-Apr-25,01:43:28,1,off,0,normal
23-Apr-25,01:42:49,1,off,0,normal
23-Apr-25,01:42:49,1,off,0,normal
23-Apr-25,01:42:01,1,off,0,normal
23-Apr-25,01:42:01,1,off,0,normal
23-Apr-25,01:41:28,0,off,0,normal
23-Apr-25,01:41:28,0,off,0,normal
23-Apr-25,01:40:53,0,off,0,normal
23-Apr-25,01:40:53,0,off,0,normal
23-Apr-25,01:40:21,0,off,0,normal
23-Apr-25,01:40:21,0,off,0,normal
23-Apr-25,01:39:24,0,off,0,normal
23-Apr-25,01:39:24,0,off,0,normal
23-Apr-25,01:38:51,0,off,0,normal
23-Apr-25,01:38:51,0,off,0,normal
23-Apr-25,01:38:06,1,off,0,normal
23-Apr-25,01:38:06,1,off,0,normal
23-Apr-25,01:37:35,1,off,0,normal
23-Apr-25,01:37:35,1,off,0,normal
23-Apr-25,01:36:46,0,off,0,normal
23-Apr-25,01:36:46,0,off,0,normal
23-Apr-25,01:36:04,0,off,0,normal
23-Apr-25,01:36:04,0,off,0,normal
23-Apr-25,01:35:10,1,off,0,normal
23-Apr-25,01:35:10,1,off,0,normal
23-Apr-25,01:34:34,0,off,0,normal
23-Apr-25,01:34:34,0,off,0,normal
23-Apr-25,01:33:57,0,off,0,normal
23-Apr-25,01:33:57,0,off,0,normal
23-Apr-25,01:33:11,1,off,0,normal
23-Apr-25,01:33:11,1,off,0,normal
23-Apr-25,01:32:31,1,off,0,normal
23-Apr-25,01:32:31,1,off,0,normal
23-Apr-25,01:31:56,0,off,0,normal
23-Apr-25,01:31:56,0,off,0,normal
23-Apr-25,01:31:00,1,off,0,normal
23-Apr-25,01:31:00,1,off,0,normal
23-Apr-25,01:30:00,1,off,0,normal
23-Apr-25,01:30:00,1,off,0,normal
23-Apr-25,01:29:18,1,off,0,normal
23-Apr-25,01:29:18,1,off,0,normal
23-Apr-25,01:28:40,1,off,0,normal
23-Apr-25,01:28:40,1,off,0,normal
23-Apr-25,01:28:04,1,off,0,normal
23-Apr-25,01:28:04,1,off,0,normal
23-Apr-25,01:27:11,0,off,0,normal
23-Apr-25,01:27:11,0,off,0,normal
23-Apr-25,01:26:29,0,off,0,normal
23-Apr-25,01:26:29,0,off,0,normal
23-Apr-25,01:25:39,0,off,0,normal
23-Apr-25,01:25:39,0,off,0,normal
23-Apr-25,01:24:57,1,off,0,normal
23-Apr-25,01:24:57,1,off,0,normal
23-Apr-25,01:24:05,0,off,0,normal
23-Apr-25,01:24:05,0,off,0,normal
23-Apr-25,01:23:14,1,off,0,normal
23-Apr-25,01:23:14,1,off,0,normal
23-Apr-25,01:22:15,0,off,0,normal
23-Apr-25,01:22:15,0,off,0,normal
23-Apr-25,01:21:26,0,off,0,normal
23-Apr-25,01:21:26,0,off,0,normal
23-Apr-25,01:20:31,0,off,0,normal
23-Apr-25,01:20:31,0,off,0,normal
23-Apr-25,01:19:46,0,off,0,normal
23-Apr-25,01:19:46,0,off,0,normal
23-Apr-25,01:18:56,1,off,0,normal
23-Apr-25,01:18:56,1,off,0,normal
23-Apr-25,01:18:12,1,off,0,normal
23-Apr-25,01:18:12,1,off,0,normal
23-Apr-25,01:17:27,1,off,0,normal
23-Apr-25,01:17:27,1,off,0,normal
23-Apr-25,01:16:52,1,off,0,normal
23-Apr-25,01:16:52,1,off,0,normal
23-Apr-25,01:16:02,0,off,0,normal
23-Apr-25,01:16:02,0,off,0,normal
23-Apr-25,01:15:11,1,off,0,normal
23-Apr-25,01:15:11,1,off,0,normal
23-Apr-25,01:14:30,0,off,0,normal
23-Apr-25,01:14:30,0,off,0,normal
23-Apr-25,01:13:37,1,off,0,normal
23-Apr-25,01:13:37,1,off,0,normal
23-Apr-25,01:12:39,0,off,0,normal
23-Apr-25,01:12:39,0,off,0,normal
23-Apr-25,01:11:45,0,off,0,normal
23-Apr-25,01:11:45,0,off,0,normal
23-Apr-25,01:10:59,1,off,0,normal
23-Apr-25,01:10:59,1,off,0,normal
23-Apr-25,01:10:04,1,off,0,normal
23-Apr-25,01:10:04,1,off,0,normal
23-Apr-25,01:09:32,1,off,0,normal
23-Apr-25,01:09:32,1,off,0,normal
23-Apr-25,01:08:35,0,off,0,normal
23-Apr-25,01:08:35,0,off,0,normal
23-Apr-25,01:07:53,0,off,0,normal
23-Apr-25,01:07:53,0,off,0,normal
23-Apr-25,01:06:56,0,off,0,normal
23-Apr-25,01:06:56,0,off,0,normal
23-Apr-25,01:06:16,1,off,0,normal
23-Apr-25,01:06:16,1,off,0,normal
23-Apr-25,01:05:39,1,off,0,normal
23-Apr-25,01:05:39,1,off,0,normal
23-Apr-25,01:04:56,0,off,0,normal
23-Apr-25,01:04:56,0,off,0,normal
23-Apr-25,01:04:00,1,off,0,normal
23-Apr-25,01:04:00,1,off,0,normal
23-Apr-25,01:03:04,0,off,0,normal
23-Apr-25,01:03:04,0,off,0,normal
23-Apr-25,01:02:06,0,off,0,normal
23-Apr-25,01:02:06,0,off,0,normal
23-Apr-25,01:01:12,0,off,0,normal
23-Apr-25,01:01:12,0,off,0,normal
23-Apr-25,01:00:19,0,off,0,normal
23-Apr-25,01:00:19,0,off,0,normal
23-Apr-25,00:59:42,1,off,0,normal
23-Apr-25,00:59:42,1,off,0,normal
23-Apr-25,00:58:49,0,off,0,normal
23-Apr-25,00:58:49,0,off,0,normal
23-Apr-25,00:58:19,1,off,0,normal
23-Apr-25,00:58:19,1,off,0,normal
23-Apr-25,00:57:37,0,off,0,normal
23-Apr-25,00:57:37,0,off,0,normal
23-Apr-25,00:56:46,0,off,0,normal
23-Apr-25,00:56:46,0,off,0,normal
23-Apr-25,00:55:49,0,off,0,normal
23-Apr-25,00:55:49,0,off,0,normal
23-Apr-25,00:54:51,1,off,0,normal
23-Apr-25,00:54:51,1,off,0,normal
23-Apr-25,00:54:19,0,off,0,normal
23-Apr-25,00:54:19,0,off,0,normal
23-Apr-25,00:53:34,1,off,0,normal
23-Apr-25,00:53:34,1,off,0,normal
23-Apr-25,00:52:53,0,off,0,normal
23-Apr-25,00:52:53,0,off,0,normal
23-Apr-25,00:52:21,1,off,0,normal
23-Apr-25,00:52:21,1,off,0,normal
23-Apr-25,00:51:32,0,off,0,normal
23-Apr-25,00:51:32,0,off,0,normal
23-Apr-25,00:50:58,1,off,0,normal
23-Apr-25,00:50:58,1,off,0,normal
23-Apr-25,00:50:21,0,off,0,normal
23-Apr-25,00:50:21,0,off,0,normal
23-Apr-25,00:49:35,0,off,0,normal
23-Apr-25,00:49:35,0,off,0,normal
23-Apr-25,00:48:58,0,off,0,normal
23-Apr-25,00:48:58,0,off,0,normal
23-Apr-25,00:48:20,1,off,0,normal
23-Apr-25,00:48:20,1,off,0,normal
23-Apr-25,00:47:43,1,off,0,normal
23-Apr-25,00:47:43,1,off,0,normal
23-Apr-25,00:47:10,1,off,0,normal
23-Apr-25,00:47:10,1,off,0,normal
23-Apr-25,00:46:33,1,off,0,normal
23-Apr-25,00:46:33,1,off,0,normal
23-Apr-25,00:45:37,1,off,0,normal
23-Apr-25,00:45:37,1,off,0,normal
23-Apr-25,00:45:05,1,off,0,normal
23-Apr-25,00:45:05,1,off,0,normal
23-Apr-25,00:44:34,0,off,0,normal
23-Apr-25,00:44:34,0,off,0,normal
23-Apr-25,00:43:45,0,off,0,normal
23-Apr-25,00:43:45,0,off,0,normal
23-Apr-25,00:42:58,1,off,0,normal
23-Apr-25,00:42:58,1,off,0,normal
23-Apr-25,00:41:59,1,off,0,normal
23-Apr-25,00:41:59,1,off,0,normal
23-Apr-25,00:41:19,1,off,0,normal
23-Apr-25,00:41:19,1,off,0,normal
23-Apr-25,00:40:37,1,off,0,normal
23-Apr-25,00:40:37,1,off,0,normal
23-Apr-25,00:39:57,0,off,0,normal
23-Apr-25,00:39:57,0,off,0,normal
23-Apr-25,00:39:24,0,off,0,normal
23-Apr-25,00:39:24,0,off,0,normal
23-Apr-25,00:38:50,1,off,0,normal
23-Apr-25,00:38:50,1,off,0,normal
23-Apr-25,00:38:06,1,off,0,normal
23-Apr-25,00:38:06,1,off,0,normal
23-Apr-25,00:37:29,1,off,0,normal
23-Apr-25,00:37:29,1,off,0,normal
23-Apr-25,00:36:49,1,off,0,normal
23-Apr-25,00:36:49,1,off,0,normal
23-Apr-25,00:36:11,0,off,0,normal
23-Apr-25,00:36:11,0,off,0,normal
23-Apr-25,00:35:13,1,off,0,normal
23-Apr-25,00:35:13,1,off,0,normal
23-Apr-25,00:34:16,1,off,0,normal
23-Apr-25,00:34:16,1,off,0,normal
23-Apr-25,00:33:18,1,off,0,normal
23-Apr-25,00:33:18,1,off,0,normal
23-Apr-25,00:32:27,0,off,0,normal
23-Apr-25,00:32:27,0,off,0,normal
23-Apr-25,00:31:42,0,off,0,normal
23-Apr-25,00:31:42,0,off,0,normal
23-Apr-25,00:30:43,1,off,0,normal
23-Apr-25,00:30:43,1,off,0,normal
23-Apr-25,00:30:11,1,off,0,normal
23-Apr-25,00:30:11,1,off,0,normal
23-Apr-25,00:29:31,1,off,0,normal
23-Apr-25,00:29:31,1,off,0,normal
23-Apr-25,00:28:51,1,off,0,normal
23-Apr-25,00:28:51,1,off,0,normal
23-Apr-25,00:27:53,0,off,0,normal
23-Apr-25,00:27:53,0,off,0,normal
23-Apr-25,00:27:16,1,off,0,normal
23-Apr-25,00:27:16,1,off,0,normal
23-Apr-25,00:26:29,1,off,0,normal
23-Apr-25,00:26:29,1,off,0,normal
23-Apr-25,00:25:59,1,off,0,normal
23-Apr-25,00:25:59,1,off,0,normal
23-Apr-25,00:25:12,1,off,0,normal
23-Apr-25,00:25:12,1,off,0,normal
23-Apr-25,00:24:24,0,off,0,normal
23-Apr-25,00:24:24,0,off,0,normal
23-Apr-25,00:23:37,0,off,0,normal
23-Apr-25,00:23:37,0,off,0,normal
23-Apr-25,00:22:51,0,off,0,normal
23-Apr-25,00:22:51,0,off,0,normal
23-Apr-25,00:22:05,0,off,0,normal
23-Apr-25,00:22:05,0,off,0,normal
23-Apr-25,00:21:29,0,off,0,normal
23-Apr-25,00:21:29,0,off,0,normal
23-Apr-25,00:20:32,1,off,0,normal
23-Apr-25,00:20:32,1,off,0,normal
23-Apr-25,00:19:51,1,off,0,normal
23-Apr-25,00:19:51,1,off,0,normal
23-Apr-25,00:19:06,0,off,0,normal
23-Apr-25,00:19:06,0,off,0,normal
23-Apr-25,00:18:27,1,off,0,normal
23-Apr-25,00:18:27,1,off,0,normal
23-Apr-25,00:17:40,0,off,0,normal
23-Apr-25,00:17:40,0,off,0,normal
23-Apr-25,00:17:09,1,off,0,normal
23-Apr-25,00:17:09,1,off,0,normal
23-Apr-25,00:16:32,0,off,0,normal
23-Apr-25,00:16:32,0,off,0,normal
23-Apr-25,00:15:54,1,off,0,normal
23-Apr-25,00:15:54,1,off,0,normal
23-Apr-25,00:15:10,0,off,0,normal
23-Apr-25,00:15:10,0,off,0,normal
23-Apr-25,00:14:36,1,off,0,normal
23-Apr-25,00:14:36,1,off,0,normal
23-Apr-25,00:13:53,1,off,0,normal
23-Apr-25,00:13:53,1,off,0,normal
23-Apr-25,00:13:11,1,off,0,normal
23-Apr-25,00:13:11,1,off,0,normal
23-Apr-25,00:12:40,0,off,0,normal
23-Apr-25,00:12:40,0,off,0,normal
23-Apr-25,00:12:08,0,off,0,normal
23-Apr-25,00:12:08,0,off,0,normal
23-Apr-25,00:11:24,1,off,0,normal
23-Apr-25,00:11:24,1,off,0,normal
23-Apr-25,00:10:27,0,off,0,normal
23-Apr-25,00:10:27,0,off,0,normal
23-Apr-25,00:09:54,1,off,0,normal
23-Apr-25,00:09:54,1,off,0,normal
23-Apr-25,00:09:00,1,off,0,normal
23-Apr-25,00:09:00,1,off,0,normal
23-Apr-25,00:08:30,1,off,0,normal
23-Apr-25,00:08:30,1,off,0,normal
23-Apr-25,00:07:45,0,off,0,normal
23-Apr-25,00:07:45,0,off,0,normal
23-Apr-25,00:06:45,1,off,0,normal
23-Apr-25,00:06:45,1,off,0,normal
23-Apr-25,00:05:57,1,off,0,normal
23-Apr-25,00:05:57,1,off,0,normal
23-Apr-25,00:05:06,1,off,0,normal
23-Apr-25,00:05:06,1,off,0,normal
23-Apr-25,00:04:14,1,off,0,normal
23-Apr-25,00:04:14,1,off,0,normal
23-Apr-25,00:03:30,0,off,0,normal
23-Apr-25,00:03:30,0,off,0,normal
23-Apr-25,00:02:54,1,off,0,normal
23-Apr-25,00:02:54,1,off,0,normal
23-Apr-25,00:02:20,0,off,0,normal
23-Apr-25,00:02:20,0,off,0,normal
23-Apr-25,00:01:23,1,off,0,normal
23-Apr-25,00:01:23,1,off,0,normal
23-Apr-25,00:00:29,1,off,0,normal
23-Apr-25,00:00:29,1,off,0,normal
22-Apr-25,23:59:41,0,off,0,normal
22-Apr-25,23:59:41,0,off,0,normal
22-Apr-25,23:58:51,0,off,0,normal
22-Apr-25,23:58:51,0,off,0,normal
22-Apr-25,23:58:10,1,off,0,normal
22-Apr-25,23:58:10,1,off,0,normal
22-Apr-25,23:57:10,1,off,0,normal
22-Apr-25,23:57:10,1,off,0,normal
22-Apr-25,23:56:21,0,off,0,normal
22-Apr-25,23:56:21,0,off,0,normal
22-Apr-25,23:55:39,0,off,0,normal
22-Apr-25,23:55:39,0,off,0,normal
22-Apr-25,23:54:46,0,off,0,normal
22-Apr-25,23:54:46,0,off,0,normal
22-Apr-25,23:54:06,0,off,0,normal
22-Apr-25,23:54:06,0,off,0,normal
22-Apr-25,23:53:31,0,off,0,normal
22-Apr-25,23:53:31,0,off,0,normal
22-Apr-25,23:52:35,1,off,0,normal
22-Apr-25,23:52:35,1,off,0,normal
22-Apr-25,23:51:35,1,off,0,normal
22-Apr-25,23:51:35,1,off,0,normal
22-Apr-25,23:51:02,1,off,0,normal
22-Apr-25,23:51:02,1,off,0,normal
22-Apr-25,23:50:13,0,off,0,normal
22-Apr-25,23:50:13,0,off,0,normal
22-Apr-25,23:49:33,0,off,0,normal
22-Apr-25,23:49:33,0,off,0,normal
22-Apr-25,23:48:39,0,off,0,normal
22-Apr-25,23:48:39,0,off,0,normal
22-Apr-25,23:47:51,1,off,0,normal
22-Apr-25,23:47:51,1,off,0,normal
22-Apr-25,23:47:04,1,off,0,normal
22-Apr-25,23:47:04,1,off,0,normal
22-Apr-25,23:46:22,0,off,0,normal
22-Apr-25,23:46:22,0,off,0,normal
22-Apr-25,23:45:52,1,off,0,normal
22-Apr-25,23:45:52,1,off,0,normal
22-Apr-25,23:44:58,0,off,0,normal
22-Apr-25,23:44:58,0,off,0,normal
22-Apr-25,23:44:17,0,off,0,normal
22-Apr-25,23:44:17,0,off,0,normal
22-Apr-25,23:43:43,0,off,0,normal
22-Apr-25,23:43:43,0,off,0,normal
22-Apr-25,23:43:07,1,off,0,normal
22-Apr-25,23:43:07,1,off,0,normal
22-Apr-25,23:42:22,0,off,0,normal
22-Apr-25,23:42:22,0,off,0,normal
22-Apr-25,23:41:39,0,off,0,normal
22-Apr-25,23:41:39,0,off,0,normal
22-Apr-25,23:40:59,1,off,0,normal
22-Apr-25,23:40:59,1,off,0,normal
22-Apr-25,23:40:03,0,off,0,normal
22-Apr-25,23:40:03,0,off,0,normal
22-Apr-25,23:39:13,0,off,0,normal
22-Apr-25,23:39:13,0,off,0,normal
22-Apr-25,23:38:15,1,off,0,normal
22-Apr-25,23:38:15,1,off,0,normal
22-Apr-25,23:37:30,0,off,0,normal
22-Apr-25,23:37:30,0,off,0,normal
22-Apr-25,23:36:40,0,off,0,normal
22-Apr-25,23:36:40,0,off,0,normal
22-Apr-25,23:35:52,0,off,0,normal
22-Apr-25,23:35:52,0,off,0,normal
22-Apr-25,23:34:56,1,off,0,normal
22-Apr-25,23:34:56,1,off,0,normal
22-Apr-25,23:33:57,0,off,0,normal
22-Apr-25,23:33:57,0,off,0,normal
22-Apr-25,23:33:07,0,off,0,normal
22-Apr-25,23:33:07,0,off,0,normal
22-Apr-25,23:32:14,0,off,0,normal
22-Apr-25,23:32:14,0,off,0,normal
22-Apr-25,23:31:22,1,off,0,normal
22-Apr-25,23:31:22,1,off,0,normal
22-Apr-25,23:30:36,0,off,0,normal
22-Apr-25,23:30:36,0,off,0,normal
22-Apr-25,23:29:49,1,off,0,normal
22-Apr-25,23:29:49,1,off,0,normal
22-Apr-25,23:29:04,1,off,0,normal
22-Apr-25,23:29:04,1,off,0,normal
22-Apr-25,23:28:15,1,off,0,normal
22-Apr-25,23:28:15,1,off,0,normal
22-Apr-25,23:27:31,1,off,0,normal
22-Apr-25,23:27:31,1,off,0,normal
22-Apr-25,23:26:45,0,off,0,normal
22-Apr-25,23:26:45,0,off,0,normal
22-Apr-25,23:26:05,0,off,0,normal
22-Apr-25,23:26:05,0,off,0,normal
22-Apr-25,23:25:13,0,off,0,normal
22-Apr-25,23:25:13,0,off,0,normal
22-Apr-25,23:24:26,0,off,0,normal
22-Apr-25,23:24:26,0,off,0,normal
22-Apr-25,23:23:54,1,off,0,normal
22-Apr-25,23:23:54,1,off,0,normal
22-Apr-25,23:23:15,1,off,0,normal
22-Apr-25,23:23:15,1,off,0,normal
22-Apr-25,23:22:36,1,off,0,normal
22-Apr-25,23:22:36,1,off,0,normal
22-Apr-25,23:21:43,0,off,0,normal
22-Apr-25,23:21:43,0,off,0,normal
22-Apr-25,23:20:59,1,off,0,normal
22-Apr-25,23:20:59,1,off,0,normal
22-Apr-25,23:20:23,0,off,0,normal
22-Apr-25,23:20:23,0,off,0,normal
22-Apr-25,23:19:50,0,off,0,normal
22-Apr-25,23:19:50,0,off,0,normal
22-Apr-25,23:19:00,1,off,0,normal
22-Apr-25,23:19:00,1,off,0,normal
22-Apr-25,23:18:26,0,off,0,normal
22-Apr-25,23:18:26,0,off,0,normal
22-Apr-25,23:17:41,0,off,0,normal
22-Apr-25,23:17:41,0,off,0,normal
22-Apr-25,23:16:59,1,off,0,normal
22-Apr-25,23:16:59,1,off,0,normal
22-Apr-25,23:16:21,0,off,0,normal
22-Apr-25,23:16:21,0,off,0,normal
22-Apr-25,23:15:22,1,off,0,normal
22-Apr-25,23:15:22,1,off,0,normal
22-Apr-25,23:14:31,0,off,0,normal
22-Apr-25,23:14:31,0,off,0,normal
22-Apr-25,23:13:50,1,off,0,normal
22-Apr-25,23:13:50,1,off,0,normal
22-Apr-25,23:13:07,1,off,0,normal
22-Apr-25,23:13:07,1,off,0,normal
22-Apr-25,23:12:26,1,off,0,normal
22-Apr-25,23:12:26,1,off,0,normal
22-Apr-25,23:11:38,0,off,0,normal
22-Apr-25,23:11:38,0,off,0,normal
22-Apr-25,23:10:48,1,off,0,normal
22-Apr-25,23:10:48,1,off,0,normal
22-Apr-25,23:09:56,1,off,0,normal
22-Apr-25,23:09:56,1,off,0,normal
22-Apr-25,23:09:09,1,off,0,normal
22-Apr-25,23:09:09,1,off,0,normal
22-Apr-25,23:08:14,0,off,0,normal
22-Apr-25,23:08:14,0,off,0,normal
22-Apr-25,23:07:32,1,off,0,normal
22-Apr-25,23:07:32,1,off,0,normal
22-Apr-25,23:07:00,0,off,0,normal
22-Apr-25,23:07:00,0,off,0,normal
22-Apr-25,23:06:28,0,off,0,normal
22-Apr-25,23:06:28,0,off,0,normal
22-Apr-25,23:05:48,0,off,0,normal
22-Apr-25,23:05:48,0,off,0,normal
22-Apr-25,23:05:08,1,off,0,normal
22-Apr-25,23:05:08,1,off,0,normal
22-Apr-25,23:04:12,1,off,0,normal
22-Apr-25,23:04:12,1,off,0,normal
22-Apr-25,23:03:24,1,off,0,normal
22-Apr-25,23:03:24,1,off,0,normal
22-Apr-25,23:02:28,1,off,0,normal
22-Apr-25,23:02:28,1,off,0,normal
22-Apr-25,23:01:50,0,off,0,normal
22-Apr-25,23:01:50,0,off,0,normal
22-Apr-25,23:01:01,0,off,0,normal
22-Apr-25,23:01:01,0,off,0,normal
22-Apr-25,23:00:20,1,off,0,normal
22-Apr-25,23:00:20,1,off,0,normal
22-Apr-25,22:59:35,0,off,0,normal
22-Apr-25,22:59:35,0,off,0,normal
22-Apr-25,22:58:49,1,off,0,normal
22-Apr-25,22:58:49,1,off,0,normal
22-Apr-25,22:57:55,0,off,0,normal
22-Apr-25,22:57:55,0,off,0,normal
22-Apr-25,22:56:56,1,off,0,normal
22-Apr-25,22:56:56,1,off,0,normal
22-Apr-25,22:55:56,0,off,0,normal
22-Apr-25,22:55:56,0,off,0,normal
22-Apr-25,22:55:07,0,off,0,normal
22-Apr-25,22:55:07,0,off,0,normal
22-Apr-25,22:54:23,0,off,0,normal
22-Apr-25,22:54:23,0,off,0,normal
22-Apr-25,22:53:28,0,off,0,normal
22-Apr-25,22:53:28,0,off,0,normal
22-Apr-25,22:52:36,1,off,0,normal
22-Apr-25,22:52:36,1,off,0,normal
22-Apr-25,22:52:01,1,off,0,normal
22-Apr-25,22:52:01,1,off,0,normal
22-Apr-25,22:51:01,0,off,0,normal
22-Apr-25,22:51:01,0,off,0,normal
22-Apr-25,22:50:14,1,off,0,normal
22-Apr-25,22:50:14,1,off,0,normal
22-Apr-25,22:49:42,0,off,0,normal
22-Apr-25,22:49:42,0,off,0,normal
22-Apr-25,22:48:47,1,off,0,normal
22-Apr-25,22:48:47,1,off,0,normal
22-Apr-25,22:47:55,1,off,0,normal
22-Apr-25,22:47:55,1,off,0,normal
22-Apr-25,22:47:17,0,off,0,normal
22-Apr-25,22:47:17,0,off,0,normal
22-Apr-25,22:46:23,1,off,0,normal
22-Apr-25,22:46:23,1,off,0,normal
22-Apr-25,22:45:31,1,off,0,normal
22-Apr-25,22:45:31,1,off,0,normal
22-Apr-25,22:44:41,1,off,0,normal
22-Apr-25,22:44:41,1,off,0,normal
22-Apr-25,22:44:08,0,off,0,normal
22-Apr-25,22:44:08,0,off,0,normal
22-Apr-25,22:43:34,0,off,0,normal
22-Apr-25,22:43:34,0,off,0,normal
22-Apr-25,22:42:47,1,off,0,normal
22-Apr-25,22:42:47,1,off,0,normal
22-Apr-25,22:42:14,0,off,0,normal
22-Apr-25,22:42:14,0,off,0,normal
22-Apr-25,22:41:43,0,off,0,normal
22-Apr-25,22:41:43,0,off,0,normal
22-Apr-25,22:41:05,1,off,0,normal
22-Apr-25,22:41:05,1,off,0,normal
22-Apr-25,22:40:06,1,off,0,normal
22-Apr-25,22:40:06,1,off,0,normal
22-Apr-25,22:39:26,1,off,0,normal
22-Apr-25,22:39:26,1,off,0,normal
22-Apr-25,22:38:39,1,off,0,normal
22-Apr-25,22:38:39,1,off,0,normal
22-Apr-25,22:37:45,1,off,0,normal
22-Apr-25,22:37:45,1,off,0,normal
22-Apr-25,22:36:46,1,off,0,normal
22-Apr-25,22:36:46,1,off,0,normal
22-Apr-25,22:35:49,1,off,0,normal
22-Apr-25,22:35:49,1,off,0,normal
22-Apr-25,22:35:14,0,off,0,normal
22-Apr-25,22:35:14,0,off,0,normal
22-Apr-25,22:34:23,1,off,0,normal
22-Apr-25,22:34:23,1,off,0,normal
22-Apr-25,22:33:52,1,off,0,normal
22-Apr-25,22:33:52,1,off,0,normal
22-Apr-25,22:33:13,0,off,0,normal
22-Apr-25,22:33:13,0,off,0,normal
22-Apr-25,22:32:34,1,off,0,normal
22-Apr-25,22:32:34,1,off,0,normal
22-Apr-25,22:32:04,1,off,0,normal
22-Apr-25,22:32:04,1,off,0,normal
22-Apr-25,22:31:09,0,off,0,normal
22-Apr-25,22:31:09,0,off,0,normal
22-Apr-25,22:30:22,0,off,0,normal
22-Apr-25,22:30:22,0,off,0,normal
22-Apr-25,22:29:36,0,off,0,normal
22-Apr-25,22:29:36,0,off,0,normal
22-Apr-25,22:29:00,0,off,0,normal
22-Apr-25,22:29:00,0,off,0,normal
22-Apr-25,22:28:03,1,off,0,normal
22-Apr-25,22:28:03,1,off,0,normal
22-Apr-25,22:27:27,0,off,0,normal
22-Apr-25,22:27:27,0,off,0,normal
22-Apr-25,22:26:40,1,off,0,normal
22-Apr-25,22:26:40,1,off,0,normal
22-Apr-25,22:26:09,1,off,0,normal
22-Apr-25,22:26:09,1,off,0,normal
22-Apr-25,22:25:31,1,off,0,normal
22-Apr-25,22:25:31,1,off,0,normal
22-Apr-25,22:24:52,0,off,0,normal
22-Apr-25,22:24:52,0,off,0,normal
22-Apr-25,22:24:05,1,off,0,normal
22-Apr-25,22:24:05,1,off,0,normal
22-Apr-25,22:23:32,0,off,0,normal
22-Apr-25,22:23:32,0,off,0,normal
22-Apr-25,22:22:47,1,off,0,normal
22-Apr-25,22:22:47,1,off,0,normal
22-Apr-25,22:22:00,0,off,0,normal
22-Apr-25,22:22:00,0,off,0,normal
22-Apr-25,22:21:20,1,off,0,normal
22-Apr-25,22:21:20,1,off,0,normal
22-Apr-25,22:20:40,0,off,0,normal
22-Apr-25,22:20:40,0,off,0,normal
22-Apr-25,22:20:09,0,off,0,normal
22-Apr-25,22:20:09,0,off,0,normal
22-Apr-25,22:19:34,0,off,0,normal
22-Apr-25,22:19:34,0,off,0,normal
22-Apr-25,22:18:45,1,off,0,normal
22-Apr-25,22:18:45,1,off,0,normal
22-Apr-25,22:18:11,1,off,0,normal
22-Apr-25,22:18:11,1,off,0,normal
22-Apr-25,22:17:32,1,off,0,normal
22-Apr-25,22:17:32,1,off,0,normal
22-Apr-25,22:16:42,1,off,0,normal
22-Apr-25,22:16:42,1,off,0,normal
22-Apr-25,22:16:04,1,off,0,normal
22-Apr-25,22:16:04,1,off,0,normal
22-Apr-25,22:15:15,0,off,0,normal
22-Apr-25,22:15:15,0,off,0,normal
22-Apr-25,22:14:44,1,off,0,normal
22-Apr-25,22:14:44,1,off,0,normal
22-Apr-25,22:14:04,0,off,0,normal
22-Apr-25,22:14:04,0,off,0,normal
22-Apr-25,22:13:07,1,off,0,normal
22-Apr-25,22:13:07,1,off,0,normal
22-Apr-25,22:12:32,1,off,0,normal
22-Apr-25,22:12:32,1,off,0,normal
22-Apr-25,22:11:33,1,off,0,normal
22-Apr-25,22:11:33,1,off,0,normal
22-Apr-25,22:10:55,0,off,0,normal
22-Apr-25,22:10:55,0,off,0,normal
22-Apr-25,22:10:22,1,off,0,normal
22-Apr-25,22:10:22,1,off,0,normal
22-Apr-25,22:09:33,0,off,0,normal
22-Apr-25,22:09:33,0,off,0,normal
22-Apr-25,22:08:53,0,off,0,normal
22-Apr-25,22:08:53,0,off,0,normal
22-Apr-25,22:08:23,1,off,0,normal
22-Apr-25,22:08:23,1,off,0,normal
22-Apr-25,22:07:52,0,off,0,normal
22-Apr-25,22:07:52,0,off,0,normal
22-Apr-25,22:07:09,1,off,0,normal
22-Apr-25,22:07:09,1,off,0,normal
22-Apr-25,22:06:35,0,off,0,normal
22-Apr-25,22:06:35,0,off,0,normal
22-Apr-25,22:06:02,0,off,0,normal
22-Apr-25,22:06:02,0,off,0,normal
22-Apr-25,22:05:23,1,off,0,normal
22-Apr-25,22:05:23,1,off,0,normal
22-Apr-25,22:04:31,1,off,0,normal
22-Apr-25,22:04:31,1,off,0,normal
22-Apr-25,22:03:47,1,off,0,normal
22-Apr-25,22:03:47,1,off,0,normal
22-Apr-25,22:02:55,0,off,0,normal
22-Apr-25,22:02:55,0,off,0,normal
22-Apr-25,22:02:19,1,off,0,normal
22-Apr-25,22:02:19,1,off,0,normal
22-Apr-25,22:01:40,1,off,0,normal
22-Apr-25,22:01:40,1,off,0,normal
22-Apr-25,22:01:06,0,off,0,normal
22-Apr-25,22:01:06,0,off,0,normal
22-Apr-25,22:00:06,0,off,0,normal
22-Apr-25,22:00:06,0,off,0,normal
22-Apr-25,21:59:32,1,off,0,normal
22-Apr-25,21:59:32,1,off,0,normal
22-Apr-25,21:58:32,0,off,0,normal
22-Apr-25,21:58:32,0,off,0,normal
22-Apr-25,21:57:56,0,off,0,normal
22-Apr-25,21:57:56,0,off,0,normal
22-Apr-25,21:57:13,1,off,0,normal
22-Apr-25,21:57:13,1,off,0,normal
22-Apr-25,21:56:28,1,off,0,normal
22-Apr-25,21:56:28,1,off,0,normal
22-Apr-25,21:55:57,0,off,0,normal
22-Apr-25,21:55:57,0,off,0,normal
22-Apr-25,21:55:18,1,off,0,normal
22-Apr-25,21:55:18,1,off,0,normal
22-Apr-25,21:54:49,0,off,0,normal
22-Apr-25,21:54:49,0,off,0,normal
22-Apr-25,21:53:56,1,off,0,normal
22-Apr-25,21:53:56,1,off,0,normal
22-Apr-25,21:53:09,1,off,0,normal
22-Apr-25,21:53:09,1,off,0,normal
22-Apr-25,21:52:31,0,off,0,normal
22-Apr-25,21:52:31,0,off,0,normal
22-Apr-25,21:51:40,1,off,0,normal
22-Apr-25,21:51:40,1,off,0,normal
22-Apr-25,21:50:53,0,off,0,normal
22-Apr-25,21:50:53,0,off,0,normal
22-Apr-25,21:49:59,1,off,0,normal
22-Apr-25,21:49:59,1,off,0,normal
22-Apr-25,21:49:24,1,off,0,normal
22-Apr-25,21:49:24,1,off,0,normal
22-Apr-25,21:48:45,1,off,0,normal
22-Apr-25,21:48:45,1,off,0,normal
22-Apr-25,21:48:09,0,off,0,normal
22-Apr-25,21:48:09,0,off,0,normal
22-Apr-25,21:47:29,0,off,0,normal
22-Apr-25,21:47:29,0,off,0,normal
22-Apr-25,21:46:49,1,off,0,normal
22-Apr-25,21:46:49,1,off,0,normal
22-Apr-25,21:45:57,1,off,0,normal
22-Apr-25,21:45:57,1,off,0,normal
22-Apr-25,21:45:11,1,off,0,normal
22-Apr-25,21:45:11,1,off,0,normal
22-Apr-25,21:44:29,0,off,0,normal
22-Apr-25,21:44:29,0,off,0,normal
22-Apr-25,21:43:50,1,off,0,normal
22-Apr-25,21:43:50,1,off,0,normal
22-Apr-25,21:43:02,1,off,0,normal
22-Apr-25,21:43:02,1,off,0,normal
22-Apr-25,21:42:09,0,off,0,normal
22-Apr-25,21:42:09,0,off,0,normal
22-Apr-25,21:41:33,1,off,0,normal
22-Apr-25,21:41:33,1,off,0,normal
22-Apr-25,21:40:57,1,off,0,normal
22-Apr-25,21:40:57,1,off,0,normal
22-Apr-25,21:40:06,0,off,0,normal
22-Apr-25,21:40:06,0,off,0,normal
22-Apr-25,21:39:22,1,off,0,normal
22-Apr-25,21:39:22,1,off,0,normal
22-Apr-25,21:38:24,0,off,0,normal
22-Apr-25,21:38:24,0,off,0,normal
22-Apr-25,21:37:44,0,off,0,normal
22-Apr-25,21:37:44,0,off,0,normal
22-Apr-25,21:37:14,1,off,0,normal
22-Apr-25,21:37:14,1,off,0,normal
22-Apr-25,21:36:22,0,off,0,normal
22-Apr-25,21:36:22,0,off,0,normal
22-Apr-25,21:35:29,0,off,0,normal
22-Apr-25,21:35:29,0,off,0,normal
22-Apr-25,21:34:55,1,off,0,normal
22-Apr-25,21:34:55,1,off,0,normal
22-Apr-25,21:34:23,0,off,0,normal
22-Apr-25,21:34:23,0,off,0,normal
22-Apr-25,21:33:46,1,off,0,normal
22-Apr-25,21:33:46,1,off,0,normal
22-Apr-25,21:32:53,0,off,0,normal
22-Apr-25,21:32:53,0,off,0,normal
22-Apr-25,21:32:11,0,off,0,normal
22-Apr-25,21:32:11,0,off,0,normal
22-Apr-25,21:31:23,0,off,0,normal
22-Apr-25,21:31:23,0,off,0,normal
22-Apr-25,21:30:41,1,off,0,normal
22-Apr-25,21:30:41,1,off,0,normal
22-Apr-25,21:30:08,0,off,0,normal
22-Apr-25,21:30:08,0,off,0,normal
22-Apr-25,21:29:31,1,off,0,normal
22-Apr-25,21:29:31,1,off,0,normal
22-Apr-25,21:28:55,1,off,0,normal
22-Apr-25,21:28:55,1,off,0,normal
22-Apr-25,21:28:03,1,off,0,normal
22-Apr-25,21:28:03,1,off,0,normal
22-Apr-25,21:27:23,1,off,0,normal
22-Apr-25,21:27:23,1,off,0,normal
22-Apr-25,21:26:31,0,off,0,normal
22-Apr-25,21:26:31,0,off,0,normal
22-Apr-25,21:25:45,0,off,0,normal
22-Apr-25,21:25:45,0,off,0,normal
22-Apr-25,21:25:04,0,off,0,normal
22-Apr-25,21:25:04,0,off,0,normal
22-Apr-25,21:24:21,0,off,0,normal
22-Apr-25,21:24:21,0,off,0,normal
22-Apr-25,21:23:22,0,off,0,normal
22-Apr-25,21:23:22,0,off,0,normal
22-Apr-25,21:22:25,0,off,0,normal
22-Apr-25,21:22:25,0,off,0,normal
22-Apr-25,21:21:38,0,off,0,normal
22-Apr-25,21:21:38,0,off,0,normal
22-Apr-25,21:21:01,1,off,0,normal
22-Apr-25,21:21:01,1,off,0,normal
22-Apr-25,21:20:04,1,off,0,normal
22-Apr-25,21:20:04,1,off,0,normal
22-Apr-25,21:19:19,1,off,0,normal
22-Apr-25,21:19:19,1,off,0,normal
22-Apr-25,21:18:25,0,off,0,normal
22-Apr-25,21:18:25,0,off,0,normal
22-Apr-25,21:17:53,1,off,0,normal
22-Apr-25,21:17:53,1,off,0,normal
22-Apr-25,21:17:12,1,off,0,normal
22-Apr-25,21:17:12,1,off,0,normal
22-Apr-25,21:16:28,0,off,0,normal
22-Apr-25,21:16:28,0,off,0,normal
22-Apr-25,21:15:53,1,off,0,normal
22-Apr-25,21:15:53,1,off,0,normal
22-Apr-25,21:14:53,1,off,0,normal
22-Apr-25,21:14:53,1,off,0,normal
22-Apr-25,21:14:21,1,off,0,normal
22-Apr-25,21:14:21,1,off,0,normal
22-Apr-25,21:13:21,0,off,0,normal
22-Apr-25,21:13:21,0,off,0,normal
22-Apr-25,21:12:44,0,off,0,normal
22-Apr-25,21:12:44,0,off,0,normal
22-Apr-25,21:11:55,0,off,0,normal
22-Apr-25,21:11:55,0,off,0,normal
22-Apr-25,21:11:14,0,off,0,normal
22-Apr-25,21:11:14,0,off,0,normal
22-Apr-25,21:10:38,0,off,0,normal
22-Apr-25,21:10:38,0,off,0,normal
22-Apr-25,21:10:05,0,off,0,normal
22-Apr-25,21:10:05,0,off,0,normal
22-Apr-25,21:09:18,0,off,0,normal
22-Apr-25,21:09:18,0,off,0,normal
22-Apr-25,21:08:37,1,off,0,normal
22-Apr-25,21:08:37,1,off,0,normal
22-Apr-25,21:07:45,0,off,0,normal
22-Apr-25,21:07:45,0,off,0,normal
22-Apr-25,21:06:45,0,off,0,normal
22-Apr-25,21:06:45,0,off,0,normal
22-Apr-25,21:05:50,0,off,0,normal
22-Apr-25,21:05:50,0,off,0,normal
22-Apr-25,21:04:56,0,off,0,normal
22-Apr-25,21:04:56,0,off,0,normal
22-Apr-25,21:04:24,0,off,0,normal
22-Apr-25,21:04:24,0,off,0,normal
22-Apr-25,21:03:27,1,off,0,normal
22-Apr-25,21:03:27,1,off,0,normal
22-Apr-25,21:02:48,0,off,0,normal
22-Apr-25,21:02:48,0,off,0,normal
22-Apr-25,21:02:18,1,off,0,normal
22-Apr-25,21:02:18,1,off,0,normal
22-Apr-25,21:01:22,0,off,0,normal
22-Apr-25,21:01:22,0,off,0,normal
22-Apr-25,21:00:38,1,off,0,normal
22-Apr-25,21:00:38,1,off,0,normal
22-Apr-25,20:59:53,0,off,0,normal
22-Apr-25,20:59:53,0,off,0,normal
22-Apr-25,20:59:15,0,off,0,normal
22-Apr-25,20:59:15,0,off,0,normal
22-Apr-25,20:58:41,0,off,0,normal
22-Apr-25,20:58:41,0,off,0,normal
22-Apr-25,20:58:04,1,off,0,normal
22-Apr-25,20:58:04,1,off,0,normal
22-Apr-25,20:57:22,0,off,0,normal
22-Apr-25,20:57:22,0,off,0,normal
22-Apr-25,20:56:34,1,off,0,normal
22-Apr-25,20:56:34,1,off,0,normal
22-Apr-25,20:56:01,0,off,0,normal
22-Apr-25,20:56:01,0,off,0,normal
22-Apr-25,20:55:23,1,off,0,normal
22-Apr-25,20:55:23,1,off,0,normal
22-Apr-25,20:54:39,1,off,0,normal
22-Apr-25,20:54:39,1,off,0,normal
22-Apr-25,20:53:46,1,off,0,normal
22-Apr-25,20:53:46,1,off,0,normal
22-Apr-25,20:52:51,1,off,0,normal
22-Apr-25,20:52:51,1,off,0,normal
22-Apr-25,20:51:56,0,off,0,normal
22-Apr-25,20:51:56,0,off,0,normal
22-Apr-25,20:51:02,1,off,0,normal
22-Apr-25,20:51:02,1,off,0,normal
22-Apr-25,20:50:14,1,off,0,normal
22-Apr-25,20:50:14,1,off,0,normal
22-Apr-25,20:49:15,1,off,0,normal
22-Apr-25,20:49:15,1,off,0,normal
22-Apr-25,20:48:35,0,off,0,normal
22-Apr-25,20:48:35,0,off,0,normal
22-Apr-25,20:47:45,1,off,0,normal
22-Apr-25,20:47:45,1,off,0,normal
22-Apr-25,20:47:01,1,off,0,normal
22-Apr-25,20:47:01,1,off,0,normal
22-Apr-25,20:46:07,0,off,0,normal
22-Apr-25,20:46:07,0,off,0,normal
22-Apr-25,20:45:14,0,off,0,normal
22-Apr-25,20:45:14,0,off,0,normal
22-Apr-25,20:44:20,1,off,0,normal
22-Apr-25,20:44:20,1,off,0,normal
22-Apr-25,20:43:20,1,off,0,normal
22-Apr-25,20:43:20,1,off,0,normal
22-Apr-25,20:42:26,1,off,0,normal
22-Apr-25,20:42:26,1,off,0,normal
22-Apr-25,20:41:27,0,off,0,normal
22-Apr-25,20:41:27,0,off,0,normal
22-Apr-25,20:40:55,1,off,0,normal
22-Apr-25,20:40:55,1,off,0,normal
22-Apr-25,20:40:15,1,off,0,normal
22-Apr-25,20:40:15,1,off,0,normal
22-Apr-25,20:39:29,0,off,0,normal
22-Apr-25,20:39:29,0,off,0,normal
22-Apr-25,20:38:55,1,off,0,normal
22-Apr-25,20:38:55,1,off,0,normal
22-Apr-25,20:38:13,0,off,0,normal
22-Apr-25,20:38:13,0,off,0,normal
22-Apr-25,20:37:24,1,off,0,normal
22-Apr-25,20:37:24,1,off,0,normal
22-Apr-25,20:36:42,0,off,0,normal
22-Apr-25,20:36:42,0,off,0,normal
22-Apr-25,20:36:07,1,off,0,normal
22-Apr-25,20:36:07,1,off,0,normal
22-Apr-25,20:35:35,0,off,0,normal
22-Apr-25,20:35:35,0,off,0,normal
22-Apr-25,20:34:38,1,off,0,normal
22-Apr-25,20:34:38,1,off,0,normal
22-Apr-25,20:33:50,1,off,0,normal
22-Apr-25,20:33:50,1,off,0,normal
22-Apr-25,20:33:12,1,off,0,normal
22-Apr-25,20:33:12,1,off,0,normal
22-Apr-25,20:32:27,0,off,0,normal
22-Apr-25,20:32:27,0,off,0,normal
22-Apr-25,20:31:53,0,off,0,normal
22-Apr-25,20:31:53,0,off,0,normal
22-Apr-25,20:31:18,0,off,0,normal
22-Apr-25,20:31:18,0,off,0,normal
22-Apr-25,20:30:28,1,off,0,normal
22-Apr-25,20:30:28,1,off,0,normal
22-Apr-25,20:29:42,1,off,0,normal
22-Apr-25,20:29:42,1,off,0,normal
22-Apr-25,20:28:45,1,off,0,normal
22-Apr-25,20:28:45,1,off,0,normal
22-Apr-25,20:28:05,0,off,0,normal
22-Apr-25,20:28:05,0,off,0,normal
22-Apr-25,20:27:13,0,off,0,normal
22-Apr-25,20:27:13,0,off,0,normal
22-Apr-25,20:26:17,1,off,0,normal
22-Apr-25,20:26:17,1,off,0,normal
22-Apr-25,20:25:37,1,off,0,normal
22-Apr-25,20:25:37,1,off,0,normal
22-Apr-25,20:24:56,0,off,0,normal
22-Apr-25,20:24:56,0,off,0,normal
22-Apr-25,20:24:11,1,off,0,normal
22-Apr-25,20:24:11,1,off,0,normal
22-Apr-25,20:23:16,0,off,0,normal
22-Apr-25,20:23:16,0,off,0,normal
22-Apr-25,20:22:44,0,off,0,normal
22-Apr-25,20:22:44,0,off,0,normal
22-Apr-25,20:21:50,1,off,0,normal
22-Apr-25,20:21:50,1,off,0,normal
22-Apr-25,20:21:20,1,off,0,normal
22-Apr-25,20:21:20,1,off,0,normal
22-Apr-25,20:20:32,0,off,0,normal
22-Apr-25,20:20:32,0,off,0,normal
22-Apr-25,20:19:53,1,off,0,normal
22-Apr-25,20:19:53,1,off,0,normal
22-Apr-25,20:19:02,0,off,0,normal
22-Apr-25,20:19:02,0,off,0,normal
22-Apr-25,20:18:13,1,off,0,normal
22-Apr-25,20:18:13,1,off,0,normal
22-Apr-25,20:17:36,1,off,0,normal
22-Apr-25,20:17:36,1,off,0,normal
22-Apr-25,20:17:02,1,off,0,normal
22-Apr-25,20:17:02,1,off,0,normal
22-Apr-25,20:16:18,0,off,0,normal
22-Apr-25,20:16:18,0,off,0,normal
22-Apr-25,20:15:21,0,off,0,normal
22-Apr-25,20:15:21,0,off,0,normal
22-Apr-25,20:14:41,1,off,0,normal
22-Apr-25,20:14:41,1,off,0,normal
22-Apr-25,20:13:54,0,off,0,normal
22-Apr-25,20:13:54,0,off,0,normal
22-Apr-25,20:12:58,1,off,0,normal
22-Apr-25,20:12:58,1,off,0,normal
22-Apr-25,20:12:08,1,off,0,normal
22-Apr-25,20:12:08,1,off,0,normal
22-Apr-25,20:11:12,0,off,0,normal
22-Apr-25,20:11:12,0,off,0,normal
22-Apr-25,20:10:31,1,off,0,normal
22-Apr-25,20:10:31,1,off,0,normal
22-Apr-25,20:09:33,1,off,0,normal
22-Apr-25,20:09:33,1,off,0,normal
22-Apr-25,20:09:01,0,off,0,normal
22-Apr-25,20:09:01,0,off,0,normal
22-Apr-25,20:08:24,0,off,0,normal
22-Apr-25,20:08:24,0,off,0,normal
22-Apr-25,20:07:27,0,off,0,normal
22-Apr-25,20:07:27,0,off,0,normal
22-Apr-25,20:06:41,0,off,0,normal
22-Apr-25,20:06:41,0,off,0,normal
22-Apr-25,20:05:45,1,off,0,normal
22-Apr-25,20:05:45,1,off,0,normal
22-Apr-25,20:04:56,0,off,0,normal
22-Apr-25,20:04:56,0,off,0,normal
22-Apr-25,20:03:58,0,off,0,normal
22-Apr-25,20:03:58,0,off,0,normal
22-Apr-25,20:03:00,0,off,0,normal
22-Apr-25,20:03:00,0,off,0,normal
22-Apr-25,20:02:01,0,off,0,normal
22-Apr-25,20:02:01,0,off,0,normal
22-Apr-25,20:01:22,1,off,0,normal
22-Apr-25,20:01:22,1,off,0,normal
22-Apr-25,20:00:26,1,off,0,normal
22-Apr-25,20:00:26,1,off,0,normal
22-Apr-25,19:59:52,0,off,0,normal
22-Apr-25,19:59:52,0,off,0,normal
22-Apr-25,19:58:58,0,off,0,normal
22-Apr-25,19:58:58,0,off,0,normal
22-Apr-25,19:58:16,0,off,0,normal
22-Apr-25,19:58:16,0,off,0,normal
22-Apr-25,19:57:27,0,off,0,normal
22-Apr-25,19:57:27,0,off,0,normal
22-Apr-25,19:56:36,0,off,0,normal
22-Apr-25,19:56:36,0,off,0,normal
22-Apr-25,19:55:41,1,off,0,normal
22-Apr-25,19:55:41,1,off,0,normal
22-Apr-25,19:54:53,0,off,0,normal
22-Apr-25,19:54:53,0,off,0,normal
22-Apr-25,19:54:10,1,off,0,normal
22-Apr-25,19:54:10,1,off,0,normal
22-Apr-25,19:53:14,1,off,0,normal
22-Apr-25,19:53:14,1,off,0,normal
22-Apr-25,19:52:18,1,off,0,normal
22-Apr-25,19:52:18,1,off,0,normal
22-Apr-25,19:51:26,0,off,0,normal
22-Apr-25,19:51:26,0,off,0,normal
22-Apr-25,19:50:31,1,off,0,normal
22-Apr-25,19:50:31,1,off,0,normal
22-Apr-25,19:49:34,0,off,0,normal
22-Apr-25,19:49:34,0,off,0,normal
22-Apr-25,19:48:42,1,off,0,normal
22-Apr-25,19:48:42,1,off,0,normal
22-Apr-25,19:48:01,1,off,0,normal
22-Apr-25,19:48:01,1,off,0,normal
22-Apr-25,19:47:16,1,off,0,normal
22-Apr-25,19:47:16,1,off,0,normal
22-Apr-25,19:46:31,1,off,0,normal
22-Apr-25,19:46:31,1,off,0,normal
22-Apr-25,19:45:52,0,off,0,normal
22-Apr-25,19:45:52,0,off,0,normal
22-Apr-25,19:45:20,0,off,0,normal
22-Apr-25,19:45:20,0,off,0,normal
22-Apr-25,19:45:20,0,off,0,normal
22-Apr-25,19:45:20,0,off,0,normal
22-Apr-25,19:44:43,0,off,0,normal
22-Apr-25,19:44:43,0,off,0,normal
22-Apr-25,19:44:43,0,off,0,normal
22-Apr-25,19:44:43,0,off,0,normal
22-Apr-25,19:43:45,1,off,0,normal
22-Apr-25,19:43:45,1,off,0,normal
22-Apr-25,19:43:45,1,off,0,normal
22-Apr-25,19:43:45,1,off,0,normal
22-Apr-25,19:43:13,0,off,0,normal
22-Apr-25,19:43:13,0,off,0,normal
22-Apr-25,19:43:13,0,off,0,normal
22-Apr-25,19:43:13,0,off,0,normal
22-Apr-25,19:42:28,1,off,0,normal
22-Apr-25,19:42:28,1,off,0,normal
22-Apr-25,19:42:28,1,off,0,normal
22-Apr-25,19:42:28,1,off,0,normal
22-Apr-25,19:41:55,0,off,0,normal
22-Apr-25,19:41:55,0,off,0,normal
22-Apr-25,19:41:54,0,off,0,normal
22-Apr-25,19:41:54,0,off,0,normal
22-Apr-25,19:41:25,1,off,0,normal
22-Apr-25,19:41:25,1,off,0,normal
22-Apr-25,19:41:25,1,off,0,normal
22-Apr-25,19:41:25,1,off,0,normal
22-Apr-25,19:40:36,1,off,0,normal
22-Apr-25,19:40:36,1,off,0,normal
22-Apr-25,19:40:36,1,off,0,normal
22-Apr-25,19:40:36,1,off,0,normal
22-Apr-25,19:39:57,1,off,0,normal
22-Apr-25,19:39:57,1,off,0,normal
22-Apr-25,19:39:57,1,off,0,normal
22-Apr-25,19:39:57,1,off,0,normal
22-Apr-25,19:39:14,0,off,0,normal
22-Apr-25,19:39:14,0,off,0,normal
22-Apr-25,19:39:14,0,off,0,normal
22-Apr-25,19:39:14,0,off,0,normal
22-Apr-25,19:38:44,1,off,0,normal
22-Apr-25,19:38:44,1,off,0,normal
22-Apr-25,19:38:44,1,off,0,normal
22-Apr-25,19:38:44,1,off,0,normal
22-Apr-25,19:37:54,0,off,0,normal
22-Apr-25,19:37:54,0,off,0,normal
22-Apr-25,19:37:54,0,off,0,normal
22-Apr-25,19:37:54,0,off,0,normal
22-Apr-25,19:37:07,0,off,0,normal
22-Apr-25,19:37:07,0,off,0,normal
22-Apr-25,19:37:07,0,off,0,normal
22-Apr-25,19:37:07,0,off,0,normal
22-Apr-25,19:36:08,0,off,0,normal
22-Apr-25,19:36:08,0,off,0,normal
22-Apr-25,19:36:08,0,off,0,normal
22-Apr-25,19:36:08,0,off,0,normal
22-Apr-25,19:35:14,0,off,0,normal
22-Apr-25,19:35:14,0,off,0,normal
22-Apr-25,19:35:14,0,off,0,normal
22-Apr-25,19:35:14,0,off,0,normal
22-Apr-25,19:34:39,0,off,0,normal
22-Apr-25,19:34:39,0,off,0,normal
22-Apr-25,19:34:39,0,off,0,normal
22-Apr-25,19:34:39,0,off,0,normal
22-Apr-25,19:33:49,0,off,0,normal
22-Apr-25,19:33:49,0,off,0,normal
22-Apr-25,19:33:49,0,off,0,normal
22-Apr-25,19:33:49,0,off,0,normal
22-Apr-25,19:33:18,0,off,0,normal
22-Apr-25,19:33:18,0,off,0,normal
22-Apr-25,19:33:18,0,off,0,normal
22-Apr-25,19:33:18,0,off,0,normal
22-Apr-25,19:32:19,1,off,0,normal
22-Apr-25,19:32:19,1,off,0,normal
22-Apr-25,19:32:19,1,off,0,normal
22-Apr-25,19:32:19,1,off,0,normal
22-Apr-25,19:31:22,0,off,0,normal
22-Apr-25,19:31:22,0,off,0,normal
22-Apr-25,19:31:22,0,off,0,normal
22-Apr-25,19:31:22,0,off,0,normal
22-Apr-25,19:30:35,1,off,0,normal
22-Apr-25,19:30:35,1,off,0,normal
22-Apr-25,19:30:35,1,off,0,normal
22-Apr-25,19:30:35,1,off,0,normal
22-Apr-25,19:29:48,0,off,0,normal
22-Apr-25,19:29:48,0,off,0,normal
22-Apr-25,19:29:48,0,off,0,normal
22-Apr-25,19:29:48,0,off,0,normal
22-Apr-25,19:29:09,1,off,0,normal
22-Apr-25,19:29:09,1,off,0,normal
22-Apr-25,19:29:09,1,off,0,normal
22-Apr-25,19:29:09,1,off,0,normal
22-Apr-25,19:28:27,0,off,0,normal
22-Apr-25,19:28:27,0,off,0,normal
22-Apr-25,19:28:27,0,off,0,normal
22-Apr-25,19:28:27,0,off,0,normal
22-Apr-25,19:27:41,1,off,0,normal
22-Apr-25,19:27:41,1,off,0,normal
22-Apr-25,19:27:41,1,off,0,normal
22-Apr-25,19:27:41,1,off,0,normal
22-Apr-25,19:26:51,1,off,0,normal
22-Apr-25,19:26:51,1,off,0,normal
22-Apr-25,19:26:51,1,off,0,normal
22-Apr-25,19:26:51,1,off,0,normal
22-Apr-25,19:25:57,1,off,0,normal
22-Apr-25,19:25:57,1,off,0,normal
22-Apr-25,19:25:56,1,off,0,normal
22-Apr-25,19:25:56,1,off,0,normal
22-Apr-25,19:25:22,0,off,0,normal
22-Apr-25,19:25:22,0,off,0,normal
22-Apr-25,19:25:22,0,off,0,normal
22-Apr-25,19:25:22,0,off,0,normal
22-Apr-25,19:24:37,0,off,0,normal
22-Apr-25,19:24:37,0,off,0,normal
22-Apr-25,19:24:37,0,off,0,normal
22-Apr-25,19:24:37,0,off,0,normal
22-Apr-25,19:23:45,1,off,0,normal
22-Apr-25,19:23:45,1,off,0,normal
22-Apr-25,19:23:45,1,off,0,normal
22-Apr-25,19:23:45,1,off,0,normal
22-Apr-25,19:23:13,1,off,0,normal
22-Apr-25,19:23:13,1,off,0,normal
22-Apr-25,19:23:13,1,off,0,normal
22-Apr-25,19:23:13,1,off,0,normal
22-Apr-25,19:22:16,0,off,0,normal
22-Apr-25,19:22:16,0,off,0,normal
22-Apr-25,19:22:16,0,off,0,normal
22-Apr-25,19:22:16,0,off,0,normal
22-Apr-25,19:21:36,0,off,0,normal
22-Apr-25,19:21:36,0,off,0,normal
22-Apr-25,19:21:36,0,off,0,normal
22-Apr-25,19:21:36,0,off,0,normal
22-Apr-25,19:20:44,1,off,0,normal
22-Apr-25,19:20:44,1,off,0,normal
22-Apr-25,19:20:44,1,off,0,normal
22-Apr-25,19:20:44,1,off,0,normal
22-Apr-25,19:20:13,0,off,0,normal
22-Apr-25,19:20:13,0,off,0,normal
22-Apr-25,19:20:13,0,off,0,normal
22-Apr-25,19:20:13,0,off,0,normal
22-Apr-25,19:19:34,1,off,0,normal
22-Apr-25,19:19:34,1,off,0,normal
22-Apr-25,19:19:34,1,off,0,normal
22-Apr-25,19:19:34,1,off,0,normal
22-Apr-25,19:19:00,1,off,0,normal
22-Apr-25,19:19:00,1,off,0,normal
22-Apr-25,19:19:00,1,off,0,normal
22-Apr-25,19:19:00,1,off,0,normal
22-Apr-25,19:18:09,1,off,0,normal
22-Apr-25,19:18:09,1,off,0,normal
22-Apr-25,19:18:09,1,off,0,normal
22-Apr-25,19:18:09,1,off,0,normal
22-Apr-25,19:17:39,1,off,0,normal
22-Apr-25,19:17:39,1,off,0,normal
22-Apr-25,19:17:39,1,off,0,normal
22-Apr-25,19:17:39,1,off,0,normal
22-Apr-25,19:16:56,0,off,0,normal
22-Apr-25,19:16:56,0,off,0,normal
22-Apr-25,19:16:56,0,off,0,normal
22-Apr-25,19:16:56,0,off,0,normal
22-Apr-25,19:16:24,1,off,0,normal
22-Apr-25,19:16:24,1,off,0,normal
22-Apr-25,19:16:24,1,off,0,normal
22-Apr-25,19:16:24,1,off,0,normal
22-Apr-25,19:16:21,1,off,0,normal
22-Apr-25,19:16:21,1,off,0,normal
22-Apr-25,19:16:21,1,off,0,normal
22-Apr-25,19:16:21,1,off,0,normal
22-Apr-25,19:16:11,1,off,0,normal
22-Apr-25,19:16:11,1,off,0,normal
22-Apr-25,19:16:11,1,off,0,normal
22-Apr-25,19:16:11,1,off,0,normal
22-Apr-25,19:16:06,0,off,0,normal
22-Apr-25,19:16:06,0,off,0,normal
22-Apr-25,19:16:06,0,off,0,normal
22-Apr-25,19:16:06,0,off,0,normal
22-Apr-25,19:16:00,1,off,0,normal
22-Apr-25,19:16:00,1,off,0,normal
22-Apr-25,19:16:00,1,off,0,normal
22-Apr-25,19:16:00,1,off,0,normal
22-Apr-25,19:15:55,0,off,0,normal
22-Apr-25,19:15:55,0,off,0,normal
22-Apr-25,19:15:55,0,off,0,normal
22-Apr-25,19:15:55,0,off,0,normal
22-Apr-25,19:15:50,0,off,0,normal
22-Apr-25,19:15:50,0,off,0,normal
22-Apr-25,19:15:50,0,off,0,normal
22-Apr-25,19:15:50,0,off,0,normal
22-Apr-25,19:15:42,0,off,0,normal
22-Apr-25,19:15:42,0,off,0,normal
22-Apr-25,19:15:42,0,off,0,normal
22-Apr-25,19:15:42,0,off,0,normal
22-Apr-25,19:15:37,1,off,0,normal
22-Apr-25,19:15:37,1,off,0,normal
22-Apr-25,19:15:37,1,off,0,normal
22-Apr-25,19:15:37,1,off,0,normal
22-Apr-25,19:15:28,1,off,0,normal
22-Apr-25,19:15:28,1,off,0,normal
22-Apr-25,19:15:28,1,off,0,normal
22-Apr-25,19:15:28,1,off,0,normal
22-Apr-25,19:15:20,1,off,0,normal
22-Apr-25,19:15:20,1,off,0,normal
22-Apr-25,19:15:20,1,off,0,normal
22-Apr-25,19:15:20,1,off,0,normal
22-Apr-25,19:15:12,1,off,0,normal
22-Apr-25,19:15:12,1,off,0,normal
22-Apr-25,19:15:12,1,off,0,normal
22-Apr-25,19:15:12,1,off,0,normal
22-Apr-25,19:15:02,1,off,0,normal
22-Apr-25,19:15:02,1,off,0,normal
22-Apr-25,19:15:02,1,off,0,normal
22-Apr-25,19:15:02,1,off,0,normal
22-Apr-25,19:14:56,0,off,0,normal
22-Apr-25,19:14:56,0,off,0,normal
22-Apr-25,19:14:56,0,off,0,normal
22-Apr-25,19:14:56,0,off,0,normal
22-Apr-25,19:14:46,0,off,0,normal
22-Apr-25,19:14:46,0,off,0,normal
22-Apr-25,19:14:46,0,off,0,normal
22-Apr-25,19:14:46,0,off,0,normal
22-Apr-25,19:14:40,0,off,0,normal
22-Apr-25,19:14:40,0,off,0,normal
22-Apr-25,19:14:40,0,off,0,normal
22-Apr-25,19:14:40,0,off,0,normal
22-Apr-25,19:14:35,0,off,0,normal
22-Apr-25,19:14:35,0,off,0,normal
22-Apr-25,19:14:35,0,off,0,normal
22-Apr-25,19:14:35,0,off,0,normal
22-Apr-25,19:14:29,1,off,0,normal
22-Apr-25,19:14:29,1,off,0,normal
22-Apr-25,19:14:29,1,off,0,normal
22-Apr-25,19:14:29,1,off,0,normal
22-Apr-25,19:14:20,1,off,0,normal
22-Apr-25,19:14:20,1,off,0,normal
22-Apr-25,19:14:20,1,off,0,normal
22-Apr-25,19:14:20,1,off,0,normal
22-Apr-25,19:14:12,0,off,0,normal
22-Apr-25,19:14:12,0,off,0,normal
22-Apr-25,19:14:12,0,off,0,normal
22-Apr-25,19:14:12,0,off,0,normal
22-Apr-25,19:14:04,1,off,0,normal
22-Apr-25,19:14:04,1,off,0,normal
22-Apr-25,19:14:03,1,off,0,normal
22-Apr-25,19:14:03,1,off,0,normal
22-Apr-25,19:13:59,0,off,0,normal
22-Apr-25,19:13:59,0,off,0,normal
22-Apr-25,19:13:58,0,off,0,normal
22-Apr-25,19:13:58,0,off,0,normal
22-Apr-25,19:13:49,1,off,0,normal
22-Apr-25,19:13:49,1,off,0,normal
22-Apr-25,19:13:48,1,off,0,normal
22-Apr-25,19:13:48,1,off,0,normal
22-Apr-25,19:13:39,1,off,0,normal
22-Apr-25,19:13:39,1,off,0,normal
22-Apr-25,19:13:39,1,off,0,normal
22-Apr-25,19:13:39,1,off,0,normal
22-Apr-25,19:13:29,0,off,0,normal
22-Apr-25,19:13:29,0,off,0,normal
22-Apr-25,19:13:29,0,off,0,normal
22-Apr-25,19:13:29,0,off,0,normal
22-Apr-25,19:13:23,0,off,0,normal
22-Apr-25,19:13:23,0,off,0,normal
22-Apr-25,19:13:22,0,off,0,normal
22-Apr-25,19:13:22,0,off,0,normal
22-Apr-25,19:13:14,0,off,0,normal
22-Apr-25,19:13:14,0,off,0,normal
22-Apr-25,19:13:14,0,off,0,normal
22-Apr-25,19:13:14,0,off,0,normal
22-Apr-25,19:13:04,0,off,0,normal
22-Apr-25,19:13:04,0,off,0,normal
22-Apr-25,19:13:04,0,off,0,normal
22-Apr-25,19:13:04,0,off,0,normal
22-Apr-25,19:12:54,0,off,0,normal
22-Apr-25,19:12:54,0,off,0,normal
22-Apr-25,19:12:54,0,off,0,normal
22-Apr-25,19:12:54,0,off,0,normal
22-Apr-25,19:12:47,0,off,0,normal
22-Apr-25,19:12:47,0,off,0,normal
22-Apr-25,19:12:47,0,off,0,normal
22-Apr-25,19:12:47,0,off,0,normal
22-Apr-25,19:12:42,0,off,0,normal
22-Apr-25,19:12:42,0,off,0,normal
22-Apr-25,19:12:42,0,off,0,normal
22-Apr-25,19:12:42,0,off,0,normal
22-Apr-25,19:12:32,0,off,0,normal
22-Apr-25,19:12:32,0,off,0,normal
22-Apr-25,19:12:32,0,off,0,normal
22-Apr-25,19:12:32,0,off,0,normal
22-Apr-25,19:12:23,0,off,0,normal
22-Apr-25,19:12:23,0,off,0,normal
22-Apr-25,19:12:23,0,off,0,normal
22-Apr-25,19:12:23,0,off,0,normal
22-Apr-25,19:12:14,1,off,0,normal
22-Apr-25,19:12:14,1,off,0,normal
22-Apr-25,19:12:14,1,off,0,normal
22-Apr-25,19:12:14,1,off,0,normal
22-Apr-25,19:12:06,1,off,0,normal
22-Apr-25,19:12:06,1,off,0,normal
22-Apr-25,19:12:06,1,off,0,normal
22-Apr-25,19:12:06,1,off,0,normal
22-Apr-25,19:11:57,1,off,0,normal
22-Apr-25,19:11:57,1,off,0,normal
22-Apr-25,19:11:57,1,off,0,normal
22-Apr-25,19:11:57,1,off,0,normal
22-Apr-25,19:11:51,0,off,0,normal
22-Apr-25,19:11:51,0,off,0,normal
22-Apr-25,19:11:51,0,off,0,normal
22-Apr-25,19:11:51,0,off,0,normal
22-Apr-25,19:11:41,0,off,0,normal
22-Apr-25,19:11:41,0,off,0,normal
22-Apr-25,19:11:41,0,off,0,normal
22-Apr-25,19:11:41,0,off,0,normal
22-Apr-25,19:11:33,0,off,0,normal
22-Apr-25,19:11:33,0,off,0,normal
22-Apr-25,19:11:33,0,off,0,normal
22-Apr-25,19:11:33,0,off,0,normal
22-Apr-25,19:11:26,1,off,0,normal
22-Apr-25,19:11:26,1,off,0,normal
22-Apr-25,19:11:26,1,off,0,normal
22-Apr-25,19:11:26,1,off,0,normal
22-Apr-25,19:11:16,0,off,0,normal
22-Apr-25,19:11:16,0,off,0,normal
22-Apr-25,19:11:16,0,off,0,normal
22-Apr-25,19:11:16,0,off,0,normal
22-Apr-25,19:11:09,0,off,0,normal
22-Apr-25,19:11:09,0,off,0,normal
22-Apr-25,19:11:09,0,off,0,normal
22-Apr-25,19:11:09,0,off,0,normal
22-Apr-25,19:11:04,0,off,0,normal
22-Apr-25,19:11:04,0,off,0,normal
22-Apr-25,19:11:04,0,off,0,normal
22-Apr-25,19:11:04,0,off,0,normal
22-Apr-25,19:10:56,0,off,0,normal
22-Apr-25,19:10:56,0,off,0,normal
22-Apr-25,19:10:56,0,off,0,normal
22-Apr-25,19:10:56,0,off,0,normal
22-Apr-25,19:10:47,0,off,0,normal
22-Apr-25,19:10:47,0,off,0,normal
22-Apr-25,19:10:47,0,off,0,normal
22-Apr-25,19:10:47,0,off,0,normal
22-Apr-25,19:10:40,0,off,0,normal
22-Apr-25,19:10:40,0,off,0,normal
22-Apr-25,19:10:40,0,off,0,normal
22-Apr-25,19:10:40,0,off,0,normal
22-Apr-25,19:10:31,0,off,0,normal
22-Apr-25,19:10:31,0,off,0,normal
22-Apr-25,19:10:31,0,off,0,normal
22-Apr-25,19:10:31,0,off,0,normal
22-Apr-25,19:10:21,0,off,0,normal
22-Apr-25,19:10:21,0,off,0,normal
22-Apr-25,19:10:21,0,off,0,normal
22-Apr-25,19:10:21,0,off,0,normal
22-Apr-25,19:04:09,0,off,0,normal
22-Apr-25,19:04:09,0,off,0,normal
22-Apr-25,19:04:09,0,off,0,normal
22-Apr-25,19:04:09,0,off,0,normal
22-Apr-25,19:04:07,0,off,0,normal
22-Apr-25,19:04:07,0,off,0,normal
22-Apr-25,19:04:07,0,off,0,normal
22-Apr-25,19:04:07,0,off,0,normal
22-Apr-25,17:25:33,1,off,0,normal
22-Apr-25,17:24:49,1,off,0,normal
22-Apr-25,17:20:21,1,off,0,normal
22-Apr-25,17:20:19,1,off,0,normal
22-Apr-25,17:19:26,0,off,0,normal
22-Apr-25,17:19:26,0,off,0,normal
22-Apr-25,17:14:44,1,off,0,normal
22-Apr-25,17:14:44,1,off,0,normal
22-Apr-25,14:41:36,0,off,0,normal
22-Apr-25,14:40:01,0,off,0,normal
22-Apr-25,14:35:20,0,off,0,normal
22-Apr-25,14:35:20,0,off,0,normal
22-Apr-25,14:26:01,1,off,0,normal
22-Apr-25,14:24:36,1,off,0,normal
22-Apr-25,14:19:57,0,off,0,normal
22-Apr-25,14:19:57,0,off,0,normal
22-Apr-25,14:18:37,1,off,0,normal
22-Apr-25,14:18:37,1,off,0,normal
22-Apr-25,14:18:31,0,off,0,normal
22-Apr-25,14:18:31,0,off,0,normal
22-Apr-25,14:17:38,0,off,0,normal
22-Apr-25,14:17:38,0,off,0,normal
22-Apr-25,14:07:26,0,off,0,normal
22-Apr-25,14:07:26,0,off,0,normal
22-Apr-25,14:05:57,1,off,0,normal
22-Apr-25,14:05:57,1,off,0,normal
22-Apr-25,11:54:54,0,off,0,normal
22-Apr-25,11:54:19,0,off,0,normal
22-Apr-25,11:50:19,1,off,0,normal
22-Apr-25,11:50:19,1,off,0,normal
22-Apr-25,11:49:19,1,off,0,normal
22-Apr-25,11:49:19,1,off,0,normal
22-Apr-25,09:40:40,1,off,0,normal
22-Apr-25,09:37:43,1,off,0,normal
22-Apr-25,09:34:43,0,off,0,normal
22-Apr-25,09:34:43,0,off,0,normal
22-Apr-25,09:33:31,1,off,0,normal
22-Apr-25,09:33:31,1,off,0,normal
22-Apr-25,09:32:48,0,off,0,normal
22-Apr-25,09:32:48,0,off,0,normal
22-Apr-25,09:24:38,1,off,0,normal
22-Apr-25,09:24:38,1,off,0,normal
21-Apr-25,23:56:25,1,off,0,normal
21-Apr-25,23:56:25,1,off,0,normal
21-Apr-25,23:56:13,1,off,0,normal
21-Apr-25,23:56:13,1,off,0,normal
21-Apr-25,21:58:28,0,off,0,normal
21-Apr-25,21:58:28,1,off,0,normal
21-Apr-25,21:57:44,1,off,0,normal
21-Apr-25,21:57:44,0,off,0,normal
21-Apr-25,21:52:27,1,off,0,normal
21-Apr-25,21:52:27,1,off,0,normal
21-Apr-25,21:51:12,0,off,0,normal
21-Apr-25,21:51:12,0,off,0,normal
21-Apr-25,19:15:38,1,off,0,normal
21-Apr-25,19:14:23,1,off,0,normal
21-Apr-25,19:09:24,1,off,0,normal
21-Apr-25,19:09:24,1,off,0,normal
21-Apr-25,19:08:03,0,off,0,normal
21-Apr-25,19:08:03,0,off,0,normal
21-Apr-25,19:07:24,0,off,0,normal
21-Apr-25,19:07:24,0,off,0,normal
21-Apr-25,19:05:18,1,off,0,normal
21-Apr-25,19:05:18,1,off,0,normal
21-Apr-25,19:04:47,1,off,0,normal
21-Apr-25,19:04:47,1,off,0,normal
20-Apr-25,22:32:00,0,off,0,normal
20-Apr-25,22:30:25,0,off,0,normal
20-Apr-25,22:22:57,1,off,0,normal
20-Apr-25,22:22:57,1,off,0,normal
20-Apr-25,22:20:28,0,off,0,normal
20-Apr-25,22:19:42,0,off,0,normal
20-Apr-25,22:14:41,1,off,0,normal
20-Apr-25,22:14:41,1,off,0,normal
20-Apr-25,22:11:59,0,off,0,normal
20-Apr-25,22:11:59,0,off,0,normal
20-Apr-25,22:11:49,1,off,0,normal
20-Apr-25,22:11:49,1,off,0,normal
20-Apr-25,22:11:39,1,off,0,normal
20-Apr-25,22:11:39,1,off,0,normal
20-Apr-25,22:11:29,0,off,0,normal
20-Apr-25,22:11:29,0,off,0,normal
20-Apr-25,20:24:01,1,off,0,normal
20-Apr-25,20:24:01,1,off,0,normal
20-Apr-25,20:22:42,0,off,0,normal
20-Apr-25,20:22:42,0,off,0,normal
20-Apr-25,20:21:40,1,off,0,normal
20-Apr-25,20:21:40,1,off,0,normal
20-Apr-25,20:20:15,0,off,0,normal
20-Apr-25,20:20:15,0,off,0,normal
20-Apr-25,20:19:09,1,off,0,normal
20-Apr-25,20:19:09,1,off,0,normal
20-Apr-25,20:17:55,0,off,0,normal
20-Apr-25,20:17:55,0,off,0,normal
20-Apr-25,20:16:34,0,off,0,normal
20-Apr-25,20:16:34,0,off,0,normal
20-Apr-25,20:15:43,1,off,0,normal
20-Apr-25,20:15:43,1,off,0,normal
20-Apr-25,20:14:56,0,off,0,normal
20-Apr-25,20:14:56,0,off,0,normal
20-Apr-25,20:14:03,1,off,0,normal
20-Apr-25,20:14:03,1,off,0,normal
20-Apr-25,20:13:14,1,off,0,normal
20-Apr-25,20:13:14,1,off,0,normal
20-Apr-25,20:12:08,0,off,0,normal
20-Apr-25,20:12:08,0,off,0,normal
20-Apr-25,20:10:54,1,off,0,normal
20-Apr-25,20:10:54,1,off,0,normal
20-Apr-25,20:09:36,0,off,0,normal
20-Apr-25,20:09:36,0,off,0,normal
20-Apr-25,20:08:22,1,off,0,normal
20-Apr-25,20:08:22,1,off,0,normal
20-Apr-25,20:07:31,1,off,0,normal
20-Apr-25,20:07:31,1,off,0,normal
20-Apr-25,20:06:35,1,off,0,normal
20-Apr-25,20:06:35,1,off,0,normal
20-Apr-25,20:05:47,0,off,0,normal
20-Apr-25,20:05:47,0,off,0,normal
20-Apr-25,20:04:27,0,off,0,normal
20-Apr-25,20:04:27,0,off,0,normal
20-Apr-25,20:03:12,0,off,0,normal
20-Apr-25,20:03:12,0,off,0,normal
20-Apr-25,20:02:26,0,off,0,normal
20-Apr-25,20:02:26,0,off,0,normal
20-Apr-25,20:01:23,0,off,0,normal
20-Apr-25,20:01:23,0,off,0,normal
20-Apr-25,19:59:53,1,off,0,normal
20-Apr-25,19:59:53,1,off,0,normal
20-Apr-25,19:58:36,1,off,0,normal
20-Apr-25,19:58:36,1,off,0,normal
20-Apr-25,19:57:16,1,off,0,normal
20-Apr-25,19:57:16,1,off,0,normal
20-Apr-25,19:56:08,1,off,0,normal
20-Apr-25,19:56:08,1,off,0,normal
20-Apr-25,19:55:13,1,off,0,normal
20-Apr-25,19:55:13,1,off,0,normal
20-Apr-25,19:54:17,0,off,0,normal
20-Apr-25,19:54:17,0,off,0,normal
20-Apr-25,19:53:20,0,off,0,normal
20-Apr-25,19:53:20,0,off,0,normal
20-Apr-25,19:52:11,0,off,0,normal
20-Apr-25,19:52:11,0,off,0,normal
20-Apr-25,19:51:01,0,off,0,normal
20-Apr-25,19:51:01,0,off,0,normal
20-Apr-25,19:50:08,1,off,0,normal
20-Apr-25,19:50:08,1,off,0,normal
20-Apr-25,19:48:43,1,off,0,normal
20-Apr-25,19:48:43,1,off,0,normal
20-Apr-25,19:47:33,0,off,0,normal
20-Apr-25,19:47:33,0,off,0,normal
20-Apr-25,19:46:05,0,off,0,normal
20-Apr-25,19:46:05,0,off,0,normal
20-Apr-25,19:45:17,0,off,0,normal
20-Apr-25,19:45:17,0,off,0,normal
20-Apr-25,19:44:23,1,off,0,normal
20-Apr-25,19:44:23,1,off,0,normal
20-Apr-25,19:42:57,0,off,0,normal
20-Apr-25,19:42:57,0,off,0,normal
20-Apr-25,19:41:31,1,off,0,normal
20-Apr-25,19:41:31,1,off,0,normal
20-Apr-25,19:40:26,0,off,0,normal
20-Apr-25,19:40:26,0,off,0,normal
20-Apr-25,19:39:18,0,off,0,normal
20-Apr-25,19:39:18,0,off,0,normal
20-Apr-25,19:37:53,0,off,0,normal
20-Apr-25,19:37:53,0,off,0,normal
20-Apr-25,19:37:08,1,off,0,normal
20-Apr-25,19:37:08,1,off,0,normal
20-Apr-25,19:35:44,0,off,0,normal
20-Apr-25,19:35:44,0,off,0,normal
20-Apr-25,19:34:15,0,off,0,normal
20-Apr-25,19:34:15,0,off,0,normal
20-Apr-25,19:33:09,0,off,0,normal
20-Apr-25,19:33:09,0,off,0,normal
20-Apr-25,19:32:19,1,off,0,normal
20-Apr-25,19:32:19,1,off,0,normal
20-Apr-25,19:30:53,1,off,0,normal
20-Apr-25,19:30:53,1,off,0,normal
20-Apr-25,19:28:41,1,off,0,normal
20-Apr-25,19:28:41,1,off,0,normal
20-Apr-25,19:27:54,0,off,0,normal
20-Apr-25,19:27:54,0,off,0,normal
20-Apr-25,19:26:52,1,off,0,normal
20-Apr-25,19:26:52,1,off,0,normal
20-Apr-25,19:26:05,0,off,0,normal
20-Apr-25,19:26:05,0,off,0,normal
20-Apr-25,19:24:40,1,off,0,normal
20-Apr-25,19:24:40,1,off,0,normal
20-Apr-25,19:23:33,0,off,0,normal
20-Apr-25,19:23:33,0,off,0,normal
20-Apr-25,19:22:27,0,off,0,normal
20-Apr-25,19:22:27,0,off,0,normal
20-Apr-25,19:21:03,1,off,0,normal
20-Apr-25,19:21:03,1,off,0,normal
20-Apr-25,19:20:12,0,off,0,normal
20-Apr-25,19:20:12,0,off,0,normal
20-Apr-25,19:10:34,1,off,0,normal
20-Apr-25,19:10:34,1,off,0,normal
20-Apr-25,19:10:23,0,off,0,normal
20-Apr-25,19:10:23,0,off,0,normal
20-Apr-25,19:10:13,1,off,0,normal
20-Apr-25,19:10:13,1,off,0,normal
20-Apr-25,19:10:03,1,off,0,normal
20-Apr-25,19:10:03,1,off,0,normal
20-Apr-25,19:09:54,1,off,0,normal
20-Apr-25,19:09:54,1,off,0,normal
